year,age,pop,male,female
1900,0,1811000,919000,892000
1900,1,1835000,928000,907000
1900,2,1846000,932000,914000
1900,3,1848000,932000,916000
1900,4,1841000,928000,913000
1900,5,1827000,921000,906000
1900,6,1806000,911000,895000
1900,7,1780000,899000,881000
1900,8,1750000,884000,866000
1900,9,1717000,868000,849000
1900,10,1682000,851000,831000
1900,11,1644000,833000,811000
1900,12,1611000,816000,795000
1900,13,1585000,800000,785000
1900,14,1564000,786000,778000
1900,15,1544000,772000,772000
1900,16,1519000,756000,763000
1900,17,1505000,746000,759000
1900,18,1500000,742000,758000
1900,19,1500000,741000,759000
1900,20,1500000,740000,760000
1900,21,1500000,739000,761000
1900,22,1491000,736000,755000
1900,23,1465000,726000,739000
1900,24,1427000,712000,715000
1900,25,1392000,700000,692000
1900,26,1356000,687000,669000
1900,27,1316000,672000,644000
1900,28,1275000,654000,621000
1900,29,1233000,636000,597000
1900,30,1191000,617000,574000
1900,31,1145000,597000,548000
1900,32,1108000,580000,528000
1900,33,1082000,568000,514000
1900,34,1063000,559000,504000
1900,35,1044000,550000,494000
1900,36,1025000,540000,485000
1900,37,1004000,529000,475000
1900,38,977000,516000,461000
1900,39,946000,501000,445000
1900,40,917000,486000,431000
1900,41,888000,472000,416000
1900,42,859000,457000,402000
1900,43,824000,439000,385000
1900,44,789000,420000,369000
1900,45,753000,401000,352000
1900,46,718000,382000,336000
1900,47,688000,366000,322000
1900,48,666000,355000,311000
1900,49,650000,347000,303000
1900,50,635000,339000,296000
1900,51,622000,332000,290000
1900,52,600000,320000,280000
1900,53,571000,304000,267000
1900,54,534000,282000,252000
1900,55,500000,262000,238000
1900,56,465000,242000,223000
1900,57,437000,226000,211000
1900,58,417000,215000,202000
1900,59,405000,208000,197000
1900,60,391000,201000,190000
1900,61,380000,195000,185000
1900,62,364000,186000,178000
1900,63,345000,176000,169000
1900,64,322000,165000,157000
1900,65,302000,155000,147000
1900,66,281000,144000,137000
1900,67,262000,134000,128000
1900,68,243000,125000,118000
1900,69,224000,115000,109000
1900,70,207000,106000,101000
1900,71,191000,98000,93000
1900,72,176000,90000,86000
1900,73,163000,82000,81000
1900,74,151000,75000,76000
1900,75,899000,441000,458000
1901,0,1850000,938000,912000
1901,1,1869000,945000,924000
1901,2,1876000,947000,929000
1901,3,1876000,946000,930000
1901,4,1865000,940000,925000
1901,5,1849000,932000,917000
1901,6,1826000,921000,905000
1901,7,1799000,908000,891000
1901,8,1768000,893000,875000
1901,9,1735000,877000,858000
1901,10,1699000,860000,839000
1901,11,1661000,841000,820000
1901,12,1630000,825000,805000
1901,13,1605000,810000,795000
1901,14,1586000,797000,789000
1901,15,1567000,784000,783000
1901,16,1544000,769000,775000
1901,17,1531000,759000,772000
1901,18,1527000,755000,772000
1901,19,1529000,756000,773000
1901,20,1530000,756000,774000
1901,21,1532000,756000,776000
1901,22,1524000,753000,771000
1901,23,1498000,744000,754000
1901,24,1460000,730000,730000
1901,25,1424000,717000,707000
1901,26,1387000,704000,683000
1901,27,1349000,689000,660000
1901,28,1306000,671000,635000
1901,29,1263000,652000,611000
1901,30,1217000,631000,586000
1901,31,1170000,610000,560000
1901,32,1131000,592000,539000
1901,33,1106000,580000,526000
1901,34,1089000,572000,517000
1901,35,1070000,563000,507000
1901,36,1052000,554000,498000
1901,37,1031000,543000,488000
1901,38,1003000,529000,474000
1901,39,970000,514000,456000
1901,40,940000,499000,441000
1901,41,910000,484000,426000
1901,42,877000,467000,410000
1901,43,843000,449000,394000
1901,44,808000,430000,378000
1901,45,773000,412000,361000
1901,46,734000,391000,343000
1901,47,704000,375000,329000
1901,48,683000,364000,319000
1901,49,667000,356000,311000
1901,50,651000,348000,303000
1901,51,639000,342000,297000
1901,52,619000,331000,288000
1901,53,587000,313000,274000
1901,54,549000,291000,258000
1901,55,514000,271000,243000
1901,56,477000,249000,228000
1901,57,446000,231000,215000
1901,58,427000,220000,207000
1901,59,415000,214000,201000
1901,60,401000,206000,195000
1901,61,387000,199000,188000
1901,62,372000,191000,181000
1901,63,353000,181000,172000
1901,64,330000,169000,161000
1901,65,308000,158000,150000
1901,66,288000,148000,140000
1901,67,268000,137000,131000
1901,68,250000,128000,122000
1901,69,231000,119000,112000
1901,70,212000,109000,103000
1901,71,196000,100000,96000
1901,72,179000,91000,88000
1901,73,166000,84000,82000
1901,74,154000,77000,77000
1901,75,922000,452000,470000
1902,0,1892000,959000,933000
1902,1,1906000,964000,942000
1902,2,1910000,964000,946000
1902,3,1904000,960000,944000
1902,4,1890000,953000,937000
1902,5,1873000,944000,929000
1902,6,1848000,932000,916000
1902,7,1818000,917000,901000
1902,8,1788000,903000,885000
1902,9,1752000,885000,867000
1902,10,1717000,868000,849000
1902,11,1681000,851000,830000
1902,12,1648000,834000,814000
1902,13,1625000,820000,805000
1902,14,1610000,809000,801000
1902,15,1591000,796000,795000
1902,16,1572000,783000,789000
1902,17,1560000,774000,786000
1902,18,1558000,772000,786000
1902,19,1561000,773000,788000
1902,20,1563000,774000,789000
1902,21,1566000,774000,792000
1902,22,1557000,771000,786000
1902,23,1532000,762000,770000
1902,24,1495000,749000,746000
1902,25,1457000,735000,722000
1902,26,1422000,723000,699000
1902,27,1381000,707000,674000
1902,28,1338000,689000,649000
1902,29,1292000,667000,625000
1902,30,1246000,647000,599000
1902,31,1197000,624000,573000
1902,32,1157000,605000,552000
1902,33,1132000,594000,538000
1902,34,1115000,586000,529000
1902,35,1096000,576000,520000
1902,36,1081000,569000,512000
1902,37,1059000,558000,501000
1902,38,1030000,543000,487000
1902,39,995000,527000,468000
1902,40,963000,511000,452000
1902,41,932000,495000,437000
1902,42,899000,479000,420000
1902,43,863000,460000,403000
1902,44,827000,441000,386000
1902,45,790000,421000,369000
1902,46,754000,402000,352000
1902,47,723000,385000,338000
1902,48,701000,374000,327000
1902,49,686000,367000,319000
1902,50,671000,359000,312000
1902,51,657000,353000,304000
1902,52,637000,342000,295000
1902,53,604000,323000,281000
1902,54,565000,300000,265000
1902,55,527000,278000,249000
1902,56,490000,256000,234000
1902,57,459000,238000,221000
1902,58,438000,227000,211000
1902,59,424000,219000,205000
1902,60,409000,211000,198000
1902,61,396000,204000,192000
1902,62,380000,195000,185000
1902,63,360000,185000,175000
1902,64,337000,173000,164000
1902,65,316000,162000,154000
1902,66,296000,152000,144000
1902,67,275000,141000,134000
1902,68,256000,131000,125000
1902,69,238000,122000,116000
1902,70,218000,112000,106000
1902,71,201000,103000,98000
1902,72,185000,94000,91000
1902,73,170000,86000,84000
1902,74,156000,78000,78000
1902,75,945000,463000,482000
1903,0,1930000,978000,952000
1903,1,1938000,980000,958000
1903,2,1938000,978000,960000
1903,3,1927000,972000,955000
1903,4,1912000,964000,948000
1903,5,1889000,952000,937000
1903,6,1864000,940000,924000
1903,7,1834000,925000,909000
1903,8,1801000,909000,892000
1903,9,1767000,893000,874000
1903,10,1733000,876000,857000
1903,11,1695000,858000,837000
1903,12,1666000,843000,823000
1903,13,1644000,829000,815000
1903,14,1631000,819000,812000
1903,15,1615000,808000,807000
1903,16,1598000,796000,802000
1903,17,1589000,789000,800000
1903,18,1588000,787000,801000
1903,19,1592000,789000,803000
1903,20,1595000,791000,804000
1903,21,1598000,792000,806000
1903,22,1591000,790000,801000
1903,23,1565000,781000,784000
1903,24,1527000,767000,760000
1903,25,1492000,755000,737000
1903,26,1454000,741000,713000
1903,27,1413000,725000,688000
1903,28,1368000,705000,663000
1903,29,1321000,684000,637000
1903,30,1273000,661000,612000
1903,31,1221000,637000,584000
1903,32,1181000,618000,563000
1903,33,1155000,606000,549000
1903,34,1141000,599000,542000
1903,35,1124000,591000,533000
1903,36,1107000,582000,525000
1903,37,1086000,572000,514000
1903,38,1057000,558000,499000
1903,39,1020000,540000,480000
1903,40,985000,523000,462000
1903,41,951000,506000,445000
1903,42,918000,489000,429000
1903,43,881000,470000,411000
1903,44,845000,450000,395000
1903,45,809000,431000,378000
1903,46,771000,411000,360000
1903,47,740000,394000,346000
1903,48,720000,384000,336000
1903,49,704000,376000,328000
1903,50,689000,369000,320000
1903,51,676000,363000,313000
1903,52,654000,352000,302000
1903,53,621000,333000,288000
1903,54,580000,309000,271000
1903,55,540000,286000,254000
1903,56,501000,263000,238000
1903,57,468000,244000,224000
1903,58,447000,232000,215000
1903,59,434000,225000,209000
1903,60,418000,216000,202000
1903,61,404000,208000,196000
1903,62,389000,200000,189000
1903,63,368000,189000,179000
1903,64,344000,177000,167000
1903,65,324000,166000,158000
1903,66,303000,155000,148000
1903,67,282000,145000,137000
1903,68,262000,134000,128000
1903,69,243000,125000,118000
1903,70,225000,115000,110000
1903,71,206000,105000,101000
1903,72,189000,96000,93000
1903,73,173000,87000,86000
1903,74,158000,79000,79000
1903,75,970000,475000,495000
1904,0,1969000,998000,971000
1904,1,1971000,996000,975000
1904,2,1965000,992000,973000
1904,3,1953000,985000,968000
1904,4,1933000,974000,959000
1904,5,1909000,962000,947000
1904,6,1880000,948000,932000
1904,7,1849000,933000,916000
1904,8,1817000,917000,900000
1904,9,1782000,900000,882000
1904,10,1748000,884000,864000
1904,11,1712000,867000,845000
1904,12,1683000,852000,831000
1904,13,1664000,840000,824000
1904,14,1653000,831000,822000
1904,15,1640000,820000,820000
1904,16,1627000,811000,816000
1904,17,1619000,805000,814000
1904,18,1620000,804000,816000
1904,19,1625000,807000,818000
1904,20,1628000,809000,819000
1904,21,1632000,811000,821000
1904,22,1625000,809000,816000
1904,23,1599000,800000,799000
1904,24,1563000,787000,776000
1904,25,1526000,774000,752000
1904,26,1488000,761000,727000
1904,27,1445000,743000,702000
1904,28,1400000,723000,677000
1904,29,1351000,700000,651000
1904,30,1301000,677000,624000
1904,31,1249000,652000,597000
1904,32,1206000,632000,574000
1904,33,1182000,620000,562000
1904,34,1167000,613000,554000
1904,35,1150000,604000,546000
1904,36,1137000,598000,539000
1904,37,1116000,587000,529000
1904,38,1083000,571000,512000
1904,39,1044000,552000,492000
1904,40,1008000,535000,473000
1904,41,973000,518000,455000
1904,42,936000,499000,437000
1904,43,900000,481000,419000
1904,44,864000,461000,403000
1904,45,827000,441000,386000
1904,46,790000,421000,369000
1904,47,759000,404000,355000
1904,48,738000,394000,344000
1904,49,723000,387000,336000
1904,50,709000,381000,328000
1904,51,696000,375000,321000
1904,52,675000,364000,311000
1904,53,638000,343000,295000
1904,54,595000,318000,277000
1904,55,555000,295000,260000
1904,56,512000,270000,242000
1904,57,478000,250000,228000
1904,58,457000,238000,219000
1904,59,442000,230000,212000
1904,60,426000,221000,205000
1904,61,413000,213000,200000
1904,62,397000,204000,193000
1904,63,376000,193000,183000
1904,64,354000,182000,172000
1904,65,331000,170000,161000
1904,66,310000,159000,151000
1904,67,290000,149000,141000
1904,68,270000,139000,131000
1904,69,249000,128000,121000
1904,70,231000,118000,113000
1904,71,211000,108000,103000
1904,72,194000,98000,96000
1904,73,176000,88000,88000
1904,74,159000,79000,80000
1904,75,993000,486000,507000
1905,0,2010000,1019000,991000
1905,1,2006000,1014000,992000
1905,2,1995000,1007000,988000
1905,3,1977000,997000,980000
1905,4,1956000,986000,970000
1905,5,1929000,972000,957000
1905,6,1898000,957000,941000
1905,7,1867000,942000,925000
1905,8,1832000,925000,907000
1905,9,1800000,909000,891000
1905,10,1765000,892000,873000
1905,11,1730000,876000,854000
1905,12,1703000,862000,841000
1905,13,1686000,851000,835000
1905,14,1678000,843000,835000
1905,15,1668000,835000,833000
1905,16,1656000,825000,831000
1905,17,1652000,821000,831000
1905,18,1653000,821000,832000
1905,19,1660000,826000,834000
1905,20,1665000,829000,836000
1905,21,1670000,832000,838000
1905,22,1664000,831000,833000
1905,23,1638000,822000,816000
1905,24,1600000,808000,792000
1905,25,1561000,794000,767000
1905,26,1523000,780000,743000
1905,27,1481000,764000,717000
1905,28,1434000,743000,691000
1905,29,1383000,718000,665000
1905,30,1332000,694000,638000
1905,31,1277000,667000,610000
1905,32,1235000,647000,588000
1905,33,1210000,635000,575000
1905,34,1195000,628000,567000
1905,35,1181000,621000,560000
1905,36,1166000,613000,553000
1905,37,1146000,603000,543000
1905,38,1113000,587000,526000
1905,39,1071000,566000,505000
1905,40,1032000,547000,485000
1905,41,994000,529000,465000
1905,42,955000,509000,446000
1905,43,919000,490000,429000
1905,44,884000,471000,413000
1905,45,848000,452000,396000
1905,46,811000,431000,380000
1905,47,779000,415000,364000
1905,48,758000,404000,354000
1905,49,744000,398000,346000
1905,50,730000,392000,338000
1905,51,716000,386000,330000
1905,52,695000,375000,320000
1905,53,657000,354000,303000
1905,54,612000,328000,284000
1905,55,570000,303000,267000
1905,56,526000,278000,248000
1905,57,490000,257000,233000
1905,58,467000,244000,223000
1905,59,451000,235000,216000
1905,60,437000,227000,210000
1905,61,423000,219000,204000
1905,62,405000,209000,196000
1905,63,386000,199000,187000
1905,64,362000,186000,176000
1905,65,339000,174000,165000
1905,66,319000,164000,155000
1905,67,297000,152000,145000
1905,68,277000,142000,135000
1905,69,257000,131000,126000
1905,70,236000,120000,116000
1905,71,217000,110000,107000
1905,72,199000,101000,98000
1905,73,181000,91000,90000
1905,74,164000,82000,82000
1905,75,1019000,498000,521000
1906,0,2050000,1040000,1010000
1906,1,2040000,1032000,1008000
1906,2,2024000,1022000,1002000
1906,3,2002000,1010000,992000
1906,4,1976000,996000,980000
1906,5,1947000,982000,965000
1906,6,1914000,965000,949000
1906,7,1881000,949000,932000
1906,8,1848000,933000,915000
1906,9,1815000,917000,898000
1906,10,1782000,901000,881000
1906,11,1748000,885000,863000
1906,12,1722000,871000,851000
1906,13,1708000,862000,846000
1906,14,1702000,855000,847000
1906,15,1696000,849000,847000
1906,16,1687000,841000,846000
1906,17,1684000,838000,846000
1906,18,1688000,839000,849000
1906,19,1695000,844000,851000
1906,20,1699000,848000,851000
1906,21,1705000,852000,853000
1906,22,1699000,851000,848000
1906,23,1675000,843000,832000
1906,24,1636000,829000,807000
1906,25,1596000,814000,782000
1906,26,1559000,801000,758000
1906,27,1515000,783000,732000
1906,28,1466000,761000,705000
1906,29,1417000,737000,680000
1906,30,1363000,711000,652000
1906,31,1308000,684000,624000
1906,32,1263000,662000,601000
1906,33,1239000,650000,589000
1906,34,1226000,644000,582000
1906,35,1210000,636000,574000
1906,36,1198000,630000,568000
1906,37,1177000,619000,558000
1906,38,1142000,602000,540000
1906,39,1096000,579000,517000
1906,40,1056000,560000,496000
1906,41,1013000,539000,474000
1906,42,974000,519000,455000
1906,43,937000,499000,438000
1906,44,902000,480000,422000
1906,45,867000,462000,405000
1906,46,831000,442000,389000
1906,47,800000,426000,374000
1906,48,780000,416000,364000
1906,49,765000,410000,355000
1906,50,750000,403000,347000
1906,51,738000,399000,339000
1906,52,716000,387000,329000
1906,53,677000,366000,311000
1906,54,630000,338000,292000
1906,55,584000,312000,272000
1906,56,537000,285000,252000
1906,57,499000,263000,236000
1906,58,475000,249000,226000
1906,59,463000,242000,221000
1906,60,447000,233000,214000
1906,61,433000,225000,208000
1906,62,417000,216000,201000
1906,63,395000,204000,191000
1906,64,371000,191000,180000
1906,65,349000,179000,170000
1906,66,327000,168000,159000
1906,67,305000,156000,149000
1906,68,284000,145000,139000
1906,69,263000,134000,129000
1906,70,242000,123000,119000
1906,71,223000,113000,110000
1906,72,204000,103000,101000
1906,73,185000,93000,92000
1906,74,167000,83000,84000
1906,75,1046000,511000,535000
1907,0,2086000,1059000,1027000
1907,1,2069000,1047000,1022000
1907,2,2049000,1035000,1014000
1907,3,2023000,1021000,1002000
1907,4,1993000,1005000,988000
1907,5,1963000,990000,973000
1907,6,1930000,973000,957000
1907,7,1896000,956000,940000
1907,8,1861000,939000,922000
1907,9,1830000,924000,906000
1907,10,1797000,908000,889000
1907,11,1765000,893000,872000
1907,12,1741000,881000,860000
1907,13,1730000,873000,857000
1907,14,1726000,867000,859000
1907,15,1721000,862000,859000
1907,16,1716000,856000,860000
1907,17,1715000,854000,861000
1907,18,1720000,857000,863000
1907,19,1728000,862000,866000
1907,20,1733000,866000,867000
1907,21,1739000,871000,868000
1907,22,1734000,871000,863000
1907,23,1709000,863000,846000
1907,24,1669000,848000,821000
1907,25,1631000,834000,797000
1907,26,1592000,820000,772000
1907,27,1548000,802000,746000
1907,28,1498000,779000,719000
1907,29,1446000,753000,693000
1907,30,1392000,727000,665000
1907,31,1335000,699000,636000
1907,32,1292000,678000,614000
1907,33,1267000,666000,601000
1907,34,1256000,660000,596000
1907,35,1240000,652000,588000
1907,36,1228000,646000,582000
1907,37,1207000,635000,572000
1907,38,1170000,617000,553000
1907,39,1122000,593000,529000
1907,40,1077000,571000,506000
1907,41,1033000,549000,484000
1907,42,992000,528000,464000
1907,43,955000,509000,446000
1907,44,921000,490000,431000
1907,45,887000,472000,415000
1907,46,851000,452000,399000
1907,47,822000,437000,385000
1907,48,800000,427000,373000
1907,49,786000,421000,365000
1907,50,771000,415000,356000
1907,51,759000,410000,349000
1907,52,737000,399000,338000
1907,53,695000,376000,319000
1907,54,647000,348000,299000
1907,55,598000,320000,278000
1907,56,549000,292000,257000
1907,57,509000,269000,240000
1907,58,486000,256000,230000
1907,59,473000,248000,225000
1907,60,457000,239000,218000
1907,61,442000,230000,212000
1907,62,426000,221000,205000
1907,63,404000,209000,195000
1907,64,380000,197000,183000
1907,65,357000,184000,173000
1907,66,334000,172000,162000
1907,67,313000,161000,152000
1907,68,291000,149000,142000
1907,69,270000,138000,132000
1907,70,249000,127000,122000
1907,71,229000,116000,113000
1907,72,208000,105000,103000
1907,73,189000,95000,94000
1907,74,171000,85000,86000
1907,75,1073000,523000,550000
1908,0,2125000,1080000,1045000
1908,1,2102000,1064000,1038000
1908,2,2076000,1049000,1027000
1908,3,2046000,1033000,1013000
1908,4,2015000,1016000,999000
1908,5,1981000,999000,982000
1908,6,1948000,982000,966000
1908,7,1913000,965000,948000
1908,8,1880000,949000,931000
1908,9,1847000,933000,914000
1908,10,1816000,918000,898000
1908,11,1785000,904000,881000
1908,12,1764000,893000,871000
1908,13,1753000,885000,868000
1908,14,1753000,881000,872000
1908,15,1749000,876000,873000
1908,16,1748000,872000,876000
1908,17,1749000,871000,878000
1908,18,1754000,874000,880000
1908,19,1762000,880000,882000
1908,20,1769000,886000,883000
1908,21,1775000,891000,884000
1908,22,1770000,892000,878000
1908,23,1744000,883000,861000
1908,24,1706000,869000,837000
1908,25,1666000,854000,812000
1908,26,1628000,840000,788000
1908,27,1582000,821000,761000
1908,28,1532000,798000,734000
1908,29,1480000,772000,708000
1908,30,1425000,745000,680000
1908,31,1367000,716000,651000
1908,32,1322000,694000,628000
1908,33,1297000,681000,616000
1908,34,1286000,676000,610000
1908,35,1273000,669000,604000
1908,36,1261000,663000,598000
1908,37,1239000,652000,587000
1908,38,1199000,632000,567000
1908,39,1149000,607000,542000
1908,40,1101000,583000,518000
1908,41,1053000,559000,494000
1908,42,1011000,538000,473000
1908,43,974000,518000,456000
1908,44,942000,501000,441000
1908,45,909000,483000,426000
1908,46,873000,464000,409000
1908,47,845000,450000,395000
1908,48,825000,440000,385000
1908,49,810000,434000,376000
1908,50,793000,427000,366000
1908,51,780000,422000,358000
1908,52,758000,411000,347000
1908,53,717000,388000,329000
1908,54,664000,358000,306000
1908,55,613000,329000,284000
1908,56,563000,301000,262000
1908,57,521000,277000,244000
1908,58,496000,262000,234000
1908,59,483000,254000,229000
1908,60,467000,245000,222000
1908,61,455000,238000,217000
1908,62,436000,227000,209000
1908,63,416000,216000,200000
1908,64,390000,202000,188000
1908,65,366000,189000,177000
1908,66,345000,178000,167000
1908,67,321000,165000,156000
1908,68,299000,153000,146000
1908,69,276000,141000,135000
1908,70,255000,130000,125000
1908,71,234000,119000,115000
1908,72,213000,107000,106000
1908,73,193000,97000,96000
1908,74,174000,87000,87000
1908,75,1103000,536000,567000
1909,0,2162000,1099000,1063000
1909,1,2134000,1081000,1053000
1909,2,2104000,1064000,1040000
1909,3,2072000,1046000,1026000
1909,4,2037000,1027000,1010000
1909,5,2002000,1010000,992000
1909,6,1967000,992000,975000
1909,7,1933000,975000,958000
1909,8,1899000,958000,941000
1909,9,1869000,944000,925000
1909,10,1839000,930000,909000
1909,11,1809000,916000,893000
1909,12,1789000,906000,883000
1909,13,1781000,899000,882000
1909,14,1782000,896000,886000
1909,15,1780000,891000,889000
1909,16,1779000,888000,891000
1909,17,1782000,887000,895000
1909,18,1789000,892000,897000
1909,19,1798000,900000,898000
1909,20,1804000,905000,899000
1909,21,1811000,911000,900000
1909,22,1806000,912000,894000
1909,23,1781000,904000,877000
1909,24,1741000,889000,852000
1909,25,1702000,874000,828000
1909,26,1663000,860000,803000
1909,27,1618000,841000,777000
1909,28,1567000,818000,749000
1909,29,1513000,791000,722000
1909,30,1458000,763000,695000
1909,31,1399000,733000,666000
1909,32,1354000,711000,643000
1909,33,1330000,699000,631000
1909,34,1319000,694000,625000
1909,35,1305000,687000,618000
1909,36,1295000,681000,614000
1909,37,1273000,671000,602000
1909,38,1231000,649000,582000
1909,39,1177000,622000,555000
1909,40,1127000,596000,531000
1909,41,1075000,570000,505000
1909,42,1030000,547000,483000
1909,43,994000,528000,466000
1909,44,964000,512000,452000
1909,45,930000,494000,436000
1909,46,897000,476000,421000
1909,47,870000,463000,407000
1909,48,850000,453000,397000
1909,49,834000,447000,387000
1909,50,818000,440000,378000
1909,51,805000,436000,369000
1909,52,781000,424000,357000
1909,53,737000,400000,337000
1909,54,682000,368000,314000
1909,55,630000,339000,291000
1909,56,575000,308000,267000
1909,57,533000,284000,249000
1909,58,508000,269000,239000
1909,59,495000,262000,233000
1909,60,480000,253000,227000
1909,61,466000,244000,222000
1909,62,450000,235000,215000
1909,63,426000,222000,204000
1909,64,401000,208000,193000
1909,65,376000,194000,182000
1909,66,353000,182000,171000
1909,67,329000,169000,160000
1909,68,307000,158000,149000
1909,69,284000,145000,139000
1909,70,261000,133000,128000
1909,71,239000,121000,118000
1909,72,218000,110000,108000
1909,73,198000,99000,99000
1909,74,179000,89000,90000
1909,75,1134000,551000,583000
1910,0,2203000,1120000,1083000
1910,1,2168000,1099000,1069000
1910,2,2135000,1080000,1055000
1910,3,2101000,1061000,1040000
1910,4,2064000,1041000,1023000
1910,5,2029000,1023000,1006000
1910,6,1993000,1005000,988000
1910,7,1959000,988000,971000
1910,8,1926000,972000,954000
1910,9,1896000,958000,938000
1910,10,1867000,944000,923000
1910,11,1839000,931000,908000
1910,12,1818000,921000,897000
1910,13,1811000,914000,897000
1910,14,1812000,911000,901000
1910,15,1812000,907000,905000
1910,16,1813000,905000,908000
1910,17,1815000,904000,911000
1910,18,1823000,910000,913000
1910,19,1832000,917000,915000
1910,20,1839000,923000,916000
1910,21,1846000,929000,917000
1910,22,1841000,931000,910000
1910,23,1815000,922000,893000
1910,24,1776000,908000,868000
1910,25,1737000,893000,844000
1910,26,1699000,879000,820000
1910,27,1655000,861000,794000
1910,28,1603000,837000,766000
1910,29,1549000,810000,739000
1910,30,1494000,782000,712000
1910,31,1433000,752000,681000
1910,32,1387000,728000,659000
1910,33,1364000,717000,647000
1910,34,1353000,712000,641000
1910,35,1341000,706000,635000
1910,36,1332000,701000,631000
1910,37,1309000,689000,620000
1910,38,1264000,666000,598000
1910,39,1207000,637000,570000
1910,40,1154000,610000,544000
1910,41,1099000,582000,517000
1910,42,1052000,558000,494000
1910,43,1015000,539000,476000
1910,44,986000,523000,463000
1910,45,956000,508000,448000
1910,46,924000,491000,433000
1910,47,897000,477000,420000
1910,48,878000,469000,409000
1910,49,861000,462000,399000
1910,50,843000,454000,389000
1910,51,830000,450000,380000
1910,52,804000,437000,367000
1910,53,759000,412000,347000
1910,54,702000,380000,322000
1910,55,647000,349000,298000
1910,56,591000,317000,274000
1910,57,547000,292000,255000
1910,58,521000,277000,244000
1910,59,507000,269000,238000
1910,60,493000,260000,233000
1910,61,480000,252000,228000
1910,62,464000,243000,221000
1910,63,439000,229000,210000
1910,64,412000,214000,198000
1910,65,387000,201000,186000
1910,66,362000,187000,175000
1910,67,338000,174000,164000
1910,68,315000,162000,153000
1910,69,290000,148000,142000
1910,70,267000,136000,131000
1910,71,245000,124000,121000
1910,72,224000,113000,111000
1910,73,203000,102000,101000
1910,74,185000,92000,93000
1910,75,1170000,567000,603000
1911,0,2227000,1133000,1094000
1911,1,2194000,1112000,1082000
1911,2,2161000,1093000,1068000
1911,3,2125000,1073000,1052000
1911,4,2089000,1054000,1035000
1911,5,2055000,1036000,1019000
1911,6,2019000,1018000,1001000
1911,7,1985000,1001000,984000
1911,8,1952000,985000,967000
1911,9,1923000,971000,952000
1911,10,1895000,958000,937000
1911,11,1867000,946000,921000
1911,12,1846000,935000,911000
1911,13,1837000,928000,909000
1911,14,1835000,923000,912000
1911,15,1831000,917000,914000
1911,16,1826000,911000,915000
1911,17,1827000,910000,917000
1911,18,1836000,915000,921000
1911,19,1843000,922000,921000
1911,20,1851000,928000,923000
1911,21,1859000,935000,924000
1911,22,1854000,936000,918000
1911,23,1832000,929000,903000
1911,24,1796000,916000,880000
1911,25,1760000,903000,857000
1911,26,1724000,891000,833000
1911,27,1681000,873000,808000
1911,28,1630000,849000,781000
1911,29,1576000,822000,754000
1911,30,1520000,794000,726000
1911,31,1458000,763000,695000
1911,32,1411000,739000,672000
1911,33,1389000,729000,660000
1911,34,1381000,726000,655000
1911,35,1370000,721000,649000
1911,36,1362000,717000,645000
1911,37,1340000,706000,634000
1911,38,1294000,682000,612000
1911,39,1232000,650000,582000
1911,40,1176000,621000,555000
1911,41,1118000,590000,528000
1911,42,1069000,565000,504000
1911,43,1034000,548000,486000
1911,44,1008000,535000,473000
1911,45,979000,520000,459000
1911,46,949000,505000,444000
1911,47,922000,492000,430000
1911,48,901000,482000,419000
1911,49,882000,474000,408000
1911,50,863000,466000,397000
1911,51,849000,460000,389000
1911,52,821000,446000,375000
1911,53,774000,420000,354000
1911,54,717000,388000,329000
1911,55,662000,357000,305000
1911,56,605000,325000,280000
1911,57,559000,299000,260000
1911,58,533000,284000,249000
1911,59,521000,277000,244000
1911,60,507000,268000,239000
1911,61,494000,260000,234000
1911,62,477000,250000,227000
1911,63,452000,237000,215000
1911,64,424000,221000,203000
1911,65,396000,206000,190000
1911,66,371000,192000,179000
1911,67,347000,179000,168000
1911,68,322000,165000,157000
1911,69,296000,151000,145000
1911,70,273000,139000,134000
1911,71,250000,127000,123000
1911,72,228000,115000,113000
1911,73,207000,104000,103000
1911,74,188000,94000,94000
1911,75,1196000,578000,618000
1912,0,2250000,1145000,1105000
1912,1,2217000,1124000,1093000
1912,2,2184000,1105000,1079000
1912,3,2149000,1085000,1064000
1912,4,2115000,1067000,1048000
1912,5,2080000,1049000,1031000
1912,6,2047000,1032000,1015000
1912,7,2013000,1015000,998000
1912,8,1984000,1001000,983000
1912,9,1953000,986000,967000
1912,10,1926000,973000,953000
1912,11,1899000,962000,937000
1912,12,1878000,951000,927000
1912,13,1865000,942000,923000
1912,14,1858000,934000,924000
1912,15,1849000,926000,923000
1912,16,1841000,918000,923000
1912,17,1840000,916000,924000
1912,18,1844000,919000,925000
1912,19,1854000,926000,928000
1912,20,1861000,932000,929000
1912,21,1869000,938000,931000
1912,22,1864000,939000,925000
1912,23,1844000,933000,911000
1912,24,1811000,922000,889000
1912,25,1780000,911000,869000
1912,26,1746000,900000,846000
1912,27,1707000,884000,823000
1912,28,1657000,861000,796000
1912,29,1601000,833000,768000
1912,30,1544000,805000,739000
1912,31,1482000,774000,708000
1912,32,1435000,751000,684000
1912,33,1413000,741000,672000
1912,34,1407000,739000,668000
1912,35,1398000,735000,663000
1912,36,1392000,733000,659000
1912,37,1370000,722000,648000
1912,38,1322000,697000,625000
1912,39,1260000,664000,596000
1912,40,1200000,632000,568000
1912,41,1139000,600000,539000
1912,42,1087000,573000,514000
1912,43,1054000,557000,497000
1912,44,1030000,546000,484000
1912,45,1003000,533000,470000
1912,46,975000,520000,455000
1912,47,950000,509000,441000
1912,48,928000,498000,430000
1912,49,906000,488000,418000
1912,50,885000,478000,407000
1912,51,867000,470000,397000
1912,52,838000,455000,383000
1912,53,791000,429000,362000
1912,54,732000,396000,336000
1912,55,677000,365000,312000
1912,56,618000,332000,286000
1912,57,573000,306000,267000
1912,58,546000,291000,255000
1912,59,536000,285000,251000
1912,60,521000,276000,245000
1912,61,508000,268000,240000
1912,62,492000,259000,233000
1912,63,466000,244000,222000
1912,64,435000,227000,208000
1912,65,407000,212000,195000
1912,66,379000,196000,183000
1912,67,354000,183000,171000
1912,68,326000,168000,158000
1912,69,302000,155000,147000
1912,70,277000,141000,136000
1912,71,253000,128000,125000
1912,72,234000,118000,116000
1912,73,213000,107000,106000
1912,74,197000,98000,99000
1912,75,1227000,592000,635000
1913,0,2279000,1160000,1119000
1913,1,2249000,1141000,1108000
1913,2,2217000,1122000,1095000
1913,3,2185000,1103000,1082000
1913,4,2152000,1086000,1066000
1913,5,2120000,1069000,1051000
1913,6,2088000,1053000,1035000
1913,7,2055000,1036000,1019000
1913,8,2026000,1022000,1004000
1913,9,1996000,1008000,988000
1913,10,1968000,995000,973000
1913,11,1943000,984000,959000
1913,12,1919000,971000,948000
1913,13,1901000,960000,941000
1913,14,1888000,949000,939000
1913,15,1875000,939000,936000
1913,16,1860000,928000,932000
1913,17,1854000,923000,931000
1913,18,1859000,925000,934000
1913,19,1868000,931000,937000
1913,20,1875000,937000,938000
1913,21,1883000,942000,941000
1913,22,1880000,944000,936000
1913,23,1862000,939000,923000
1913,24,1833000,930000,903000
1913,25,1804000,920000,884000
1913,26,1774000,911000,863000
1913,27,1738000,897000,841000
1913,28,1687000,874000,813000
1913,29,1631000,846000,785000
1913,30,1574000,818000,756000
1913,31,1512000,788000,724000
1913,32,1465000,765000,700000
1913,33,1445000,756000,689000
1913,34,1440000,755000,685000
1913,35,1433000,753000,680000
1913,36,1429000,753000,676000
1913,37,1407000,742000,665000
1913,38,1358000,716000,642000
1913,39,1293000,681000,612000
1913,40,1229000,647000,582000
1913,41,1165000,612000,553000
1913,42,1113000,584000,529000
1913,43,1078000,568000,510000
1913,44,1057000,560000,497000
1913,45,1033000,549000,484000
1913,46,1007000,538000,469000
1913,47,982000,527000,455000
1913,48,958000,515000,443000
1913,49,933000,503000,430000
1913,50,911000,492000,419000
1913,51,890000,482000,408000
1913,52,858000,465000,393000
1913,53,811000,439000,372000
1913,54,752000,406000,346000
1913,55,696000,375000,321000
1913,56,636000,341000,295000
1913,57,591000,316000,275000
1913,58,564000,301000,263000
1913,59,553000,294000,259000
1913,60,538000,285000,253000
1913,61,526000,278000,248000
1913,62,508000,268000,240000
1913,63,481000,252000,229000
1913,64,449000,235000,214000
1913,65,419000,218000,201000
1913,66,390000,203000,187000
1913,67,362000,187000,175000
1913,68,335000,172000,163000
1913,69,309000,158000,151000
1913,70,283000,144000,139000
1913,71,259000,131000,128000
1913,72,239000,121000,118000
1913,73,219000,110000,109000
1913,74,203000,101000,102000
1913,75,1263000,608000,655000
1914,0,2305000,1173000,1132000
1914,1,2278000,1155000,1123000
1914,2,2250000,1138000,1112000
1914,3,2220000,1121000,1099000
1914,4,2191000,1105000,1086000
1914,5,2160000,1089000,1071000
1914,6,2129000,1073000,1056000
1914,7,2099000,1058000,1041000
1914,8,2070000,1045000,1025000
1914,9,2040000,1030000,1010000
1914,10,2012000,1017000,995000
1914,11,1986000,1006000,980000
1914,12,1961000,993000,968000
1914,13,1940000,979000,961000
1914,14,1919000,964000,955000
1914,15,1899000,951000,948000
1914,16,1878000,936000,942000
1914,17,1867000,928000,939000
1914,18,1869000,929000,940000
1914,19,1879000,935000,944000
1914,20,1887000,941000,946000
1914,21,1894000,946000,948000
1914,22,1893000,947000,946000
1914,23,1878000,944000,934000
1914,24,1852000,936000,916000
1914,25,1827000,928000,899000
1914,26,1802000,922000,880000
1914,27,1768000,909000,859000
1914,28,1720000,887000,833000
1914,29,1662000,859000,803000
1914,30,1604000,831000,773000
1914,31,1542000,801000,741000
1914,32,1495000,779000,716000
1914,33,1476000,771000,705000
1914,34,1474000,772000,702000
1914,35,1468000,771000,697000
1914,36,1465000,772000,693000
1914,37,1444000,762000,682000
1914,38,1395000,735000,660000
1914,39,1325000,697000,628000
1914,40,1259000,661000,598000
1914,41,1191000,624000,567000
1914,42,1137000,595000,542000
1914,43,1105000,580000,525000
1914,44,1086000,574000,512000
1914,45,1063000,566000,497000
1914,46,1040000,557000,483000
1914,47,1017000,547000,470000
1914,48,991000,534000,457000
1914,49,962000,520000,442000
1914,50,936000,506000,430000
1914,51,912000,493000,419000
1914,52,878000,475000,403000
1914,53,829000,448000,381000
1914,54,770000,415000,355000
1914,55,712000,383000,329000
1914,56,654000,351000,303000
1914,57,608000,325000,283000
1914,58,583000,310000,273000
1914,59,570000,303000,267000
1914,60,556000,295000,261000
1914,61,542000,287000,255000
1914,62,526000,278000,248000
1914,63,497000,262000,235000
1914,64,463000,243000,220000
1914,65,432000,226000,206000
1914,66,401000,209000,192000
1914,67,371000,192000,179000
1914,68,343000,177000,166000
1914,69,316000,162000,154000
1914,70,290000,148000,142000
1914,71,266000,135000,131000
1914,72,244000,123000,121000
1914,73,226000,113000,113000
1914,74,211000,106000,105000
1914,75,1301000,625000,676000
1915,0,2317000,1179000,1138000
1915,1,2295000,1164000,1131000
1915,2,2270000,1149000,1121000
1915,3,2246000,1134000,1112000
1915,4,2219000,1119000,1100000
1915,5,2191000,1105000,1086000
1915,6,2163000,1090000,1073000
1915,7,2135000,1077000,1058000
1915,8,2106000,1063000,1043000
1915,9,2079000,1050000,1029000
1915,10,2051000,1037000,1014000
1915,11,2024000,1025000,999000
1915,12,1998000,1011000,987000
1915,13,1970000,994000,976000
1915,14,1943000,976000,967000
1915,15,1916000,959000,957000
1915,16,1889000,942000,947000
1915,17,1871000,930000,941000
1915,18,1871000,929000,942000
1915,19,1881000,934000,947000
1915,20,1887000,938000,949000
1915,21,1895000,942000,953000
1915,22,1893000,943000,950000
1915,23,1881000,941000,940000
1915,24,1860000,936000,924000
1915,25,1839000,931000,908000
1915,26,1820000,927000,893000
1915,27,1788000,915000,873000
1915,28,1741000,895000,846000
1915,29,1685000,868000,817000
1915,30,1626000,840000,786000
1915,31,1563000,809000,754000
1915,32,1518000,788000,730000
1915,33,1499000,781000,718000
1915,34,1501000,785000,716000
1915,35,1496000,785000,711000
1915,36,1495000,787000,708000
1915,37,1475000,778000,697000
1915,38,1423000,750000,673000
1915,39,1352000,711000,641000
1915,40,1283000,672000,611000
1915,41,1213000,633000,580000
1915,42,1157000,603000,554000
1915,43,1126000,590000,536000
1915,44,1110000,586000,524000
1915,45,1089000,580000,509000
1915,46,1069000,574000,495000
1915,47,1046000,565000,481000
1915,48,1018000,551000,467000
1915,49,987000,534000,453000
1915,50,956000,517000,439000
1915,51,930000,503000,427000
1915,52,894000,483000,411000
1915,53,844000,455000,389000
1915,54,785000,423000,362000
1915,55,729000,392000,337000
1915,56,669000,358000,311000
1915,57,624000,333000,291000
1915,58,598000,319000,279000
1915,59,586000,311000,275000
1915,60,572000,304000,268000
1915,61,560000,297000,263000
1915,62,541000,286000,255000
1915,63,512000,270000,242000
1915,64,475000,250000,225000
1915,65,443000,232000,211000
1915,66,411000,214000,197000
1915,67,379000,196000,183000
1915,68,348000,180000,168000
1915,69,320000,164000,156000
1915,70,294000,150000,144000
1915,71,270000,137000,133000
1915,72,249000,126000,123000
1915,73,233000,117000,116000
1915,74,220000,111000,109000
1915,75,1334000,640000,694000
1916,0,2325000,1183000,1142000
1916,1,2308000,1170000,1138000
1916,2,2291000,1159000,1132000
1916,3,2270000,1146000,1124000
1916,4,2248000,1134000,1114000
1916,5,2223000,1121000,1102000
1916,6,2199000,1109000,1090000
1916,7,2172000,1096000,1076000
1916,8,2146000,1083000,1063000
1916,9,2118000,1069000,1049000
1916,10,2088000,1055000,1033000
1916,11,2063000,1044000,1019000
1916,12,2034000,1029000,1005000
1916,13,2000000,1009000,991000
1916,14,1965000,987000,978000
1916,15,1932000,967000,965000
1916,16,1896000,945000,951000
1916,17,1872000,930000,942000
1916,18,1869000,927000,942000
1916,19,1880000,932000,948000
1916,20,1886000,935000,951000
1916,21,1893000,937000,956000
1916,22,1894000,939000,955000
1916,23,1884000,937000,947000
1916,24,1866000,934000,932000
1916,25,1851000,932000,919000
1916,26,1835000,930000,905000
1916,27,1807000,921000,886000
1916,28,1762000,901000,861000
1916,29,1704000,874000,830000
1916,30,1647000,847000,800000
1916,31,1583000,817000,766000
1916,32,1539000,797000,742000
1916,33,1523000,792000,731000
1916,34,1525000,796000,729000
1916,35,1523000,798000,725000
1916,36,1524000,802000,722000
1916,37,1505000,794000,711000
1916,38,1452000,765000,687000
1916,39,1379000,724000,655000
1916,40,1308000,684000,624000
1916,41,1236000,643000,593000
1916,42,1179000,612000,567000
1916,43,1148000,600000,548000
1916,44,1134000,598000,536000
1916,45,1116000,594000,522000
1916,46,1099000,591000,508000
1916,47,1077000,583000,494000
1916,48,1046000,568000,478000
1916,49,1012000,548000,464000
1916,50,978000,529000,449000
1916,51,948000,512000,436000
1916,52,910000,490000,420000
1916,53,859000,462000,397000
1916,54,801000,430000,371000
1916,55,745000,399000,346000
1916,56,686000,366000,320000
1916,57,640000,341000,299000
1916,58,615000,327000,288000
1916,59,602000,320000,282000
1916,60,589000,313000,276000
1916,61,576000,306000,270000
1916,62,558000,296000,262000
1916,63,527000,279000,248000
1916,64,488000,257000,231000
1916,65,453000,238000,215000
1916,66,419000,219000,200000
1916,67,388000,202000,186000
1916,68,356000,184000,172000
1916,69,325000,167000,158000
1916,70,298000,152000,146000
1916,71,275000,139000,136000
1916,72,254000,128000,126000
1916,73,238000,120000,118000
1916,74,229000,115000,114000
1916,75,1368000,655000,713000
1917,0,2329000,1185000,1144000
1917,1,2320000,1176000,1144000
1917,2,2308000,1167000,1141000
1917,3,2294000,1159000,1135000
1917,4,2276000,1148000,1128000
1917,5,2257000,1138000,1119000
1917,6,2235000,1127000,1108000
1917,7,2210000,1115000,1095000
1917,8,2185000,1103000,1082000
1917,9,2158000,1090000,1068000
1917,10,2129000,1076000,1053000
1917,11,2103000,1064000,1039000
1917,12,2071000,1048000,1023000
1917,13,2032000,1025000,1007000
1917,14,1989000,999000,990000
1917,15,1947000,974000,973000
1917,16,1904000,949000,955000
1917,17,1875000,931000,944000
1917,18,1868000,924000,944000
1917,19,1872000,923000,949000
1917,20,1876000,922000,954000
1917,21,1880000,922000,958000
1917,22,1880000,922000,958000
1917,23,1872000,921000,951000
1917,24,1862000,922000,940000
1917,25,1848000,921000,927000
1917,26,1840000,923000,917000
1917,27,1817000,917000,900000
1917,28,1774000,900000,874000
1917,29,1718000,875000,843000
1917,30,1663000,850000,813000
1917,31,1601000,822000,779000
1917,32,1557000,803000,754000
1917,33,1545000,801000,744000
1917,34,1550000,807000,743000
1917,35,1549000,811000,738000
1917,36,1554000,818000,736000
1917,37,1536000,810000,726000
1917,38,1481000,780000,701000
1917,39,1406000,737000,669000
1917,40,1334000,696000,638000
1917,41,1258000,652000,606000
1917,42,1200000,621000,579000
1917,43,1170000,609000,561000
1917,44,1159000,611000,548000
1917,45,1144000,609000,535000
1917,46,1127000,607000,520000
1917,47,1108000,601000,507000
1917,48,1073000,583000,490000
1917,49,1036000,561000,475000
1917,50,999000,540000,459000
1917,51,966000,521000,445000
1917,52,925000,498000,427000
1917,53,873000,469000,404000
1917,54,817000,438000,379000
1917,55,762000,408000,354000
1917,56,704000,375000,329000
1917,57,658000,350000,308000
1917,58,632000,335000,297000
1917,59,621000,330000,291000
1917,60,606000,322000,284000
1917,61,593000,315000,278000
1917,62,575000,305000,270000
1917,63,542000,287000,255000
1917,64,501000,264000,237000
1917,65,464000,244000,220000
1917,66,430000,225000,205000
1917,67,396000,206000,190000
1917,68,361000,187000,174000
1917,69,332000,171000,161000
1917,70,305000,156000,149000
1917,71,281000,143000,138000
1917,72,261000,132000,129000
1917,73,246000,124000,122000
1917,74,237000,119000,118000
1917,75,1401000,669000,732000
1918,0,2332000,1187000,1145000
1918,1,2330000,1181000,1149000
1918,2,2324000,1175000,1149000
1918,3,2316000,1169000,1147000
1918,4,2304000,1162000,1142000
1918,5,2288000,1154000,1134000
1918,6,2270000,1145000,1125000
1918,7,2250000,1135000,1115000
1918,8,2226000,1124000,1102000
1918,9,2199000,1111000,1088000
1918,10,2171000,1097000,1074000
1918,11,2141000,1082000,1059000
1918,12,2107000,1064000,1043000
1918,13,2064000,1041000,1023000
1918,14,2016000,1015000,1001000
1918,15,1971000,990000,981000
1918,16,1925000,966000,959000
1918,17,1882000,937000,945000
1918,18,1843000,899000,944000
1918,19,1808000,857000,951000
1918,20,1771000,816000,955000
1918,21,1734000,774000,960000
1918,22,1711000,749000,962000
1918,23,1709000,752000,957000
1918,24,1717000,771000,946000
1918,25,1725000,788000,937000
1918,26,1738000,810000,928000
1918,27,1735000,823000,912000
1918,28,1708000,821000,887000
1918,29,1667000,810000,857000
1918,30,1626000,801000,825000
1918,31,1582000,790000,792000
1918,32,1553000,786000,767000
1918,33,1549000,793000,756000
1918,34,1562000,806000,756000
1918,35,1567000,815000,752000
1918,36,1578000,827000,751000
1918,37,1563000,822000,741000
1918,38,1509000,793000,716000
1918,39,1431000,749000,682000
1918,40,1358000,707000,651000
1918,41,1279000,660000,619000
1918,42,1219000,627000,592000
1918,43,1191000,618000,573000
1918,44,1184000,623000,561000
1918,45,1170000,623000,547000
1918,46,1158000,624000,534000
1918,47,1137000,618000,519000
1918,48,1103000,600000,503000
1918,49,1060000,575000,485000
1918,50,1020000,551000,469000
1918,51,983000,529000,454000
1918,52,940000,504000,436000
1918,53,889000,476000,413000
1918,54,833000,445000,388000
1918,55,777000,415000,362000
1918,56,720000,383000,337000
1918,57,674000,358000,316000
1918,58,650000,345000,305000
1918,59,637000,338000,299000
1918,60,623000,331000,292000
1918,61,611000,325000,286000
1918,62,591000,314000,277000
1918,63,558000,296000,262000
1918,64,515000,272000,243000
1918,65,476000,250000,226000
1918,66,440000,230000,210000
1918,67,404000,210000,194000
1918,68,370000,192000,178000
1918,69,337000,174000,163000
1918,70,311000,159000,152000
1918,71,286000,146000,140000
1918,72,267000,135000,132000
1918,73,253000,127000,126000
1918,74,247000,124000,123000
1918,75,1435000,683000,752000
1919,0,2299000,1169000,1130000
1919,1,2308000,1170000,1138000
1919,2,2312000,1169000,1143000
1919,3,2312000,1168000,1144000
1919,4,2305000,1163000,1142000
1919,5,2297000,1159000,1138000
1919,6,2282000,1151000,1131000
1919,7,2263000,1142000,1121000
1919,8,2242000,1132000,1110000
1919,9,2214000,1118000,1096000
1919,10,2186000,1105000,1081000
1919,11,2158000,1091000,1067000
1919,12,2121000,1072000,1049000
1919,13,2071000,1044000,1027000
1919,14,2015000,1012000,1003000
1919,15,1959000,981000,978000
1919,16,1903000,950000,953000
1919,17,1860000,923000,937000
1919,18,1839000,904000,935000
1919,19,1833000,892000,941000
1919,20,1824000,878000,946000
1919,21,1816000,864000,952000
1919,22,1811000,857000,954000
1919,23,1810000,860000,950000
1919,24,1810000,868000,942000
1919,25,1811000,876000,935000
1919,26,1815000,887000,928000
1919,27,1805000,890000,915000
1919,28,1770000,879000,891000
1919,29,1717000,858000,859000
1919,30,1667000,838000,829000
1919,31,1611000,816000,795000
1919,32,1574000,803000,771000
1919,33,1566000,805000,761000
1919,34,1576000,816000,760000
1919,35,1582000,824000,758000
1919,36,1592000,835000,757000
1919,37,1577000,830000,747000
1919,38,1521000,799000,722000
1919,39,1443000,754000,689000
1919,40,1369000,711000,658000
1919,41,1291000,665000,626000
1919,42,1231000,632000,599000
1919,43,1204000,624000,580000
1919,44,1198000,630000,568000
1919,45,1187000,632000,555000
1919,46,1174000,634000,540000
1919,47,1153000,628000,525000
1919,48,1118000,610000,508000
1919,49,1072000,582000,490000
1919,50,1030000,556000,474000
1919,51,990000,532000,458000
1919,52,945000,506000,439000
1919,53,893000,477000,416000
1919,54,840000,448000,392000
1919,55,785000,418000,367000
1919,56,730000,387000,343000
1919,57,685000,363000,322000
1919,58,661000,350000,311000
1919,59,649000,344000,305000
1919,60,634000,336000,298000
1919,61,621000,330000,291000
1919,62,602000,320000,282000
1919,63,567000,301000,266000
1919,64,522000,276000,246000
1919,65,483000,254000,229000
1919,66,444000,233000,211000
1919,67,408000,213000,195000
1919,68,372000,193000,179000
1919,69,341000,176000,165000
1919,70,313000,160000,153000
1919,71,289000,147000,142000
1919,72,271000,137000,134000
1919,73,257000,129000,128000
1919,74,254000,127000,127000
1919,75,1454000,690000,764000
1920,0,2277000,1154000,1123000
1920,1,2313000,1172000,1141000
1920,2,2337000,1183000,1154000
1920,3,2351000,1190000,1161000
1920,4,2353000,1190000,1163000
1920,5,2347000,1187000,1160000
1920,6,2332000,1179000,1153000
1920,7,2311000,1168000,1143000
1920,8,2283000,1153000,1130000
1920,9,2250000,1136000,1114000
1920,10,2213000,1117000,1096000
1920,11,2173000,1096000,1077000
1920,12,2129000,1073000,1056000
1920,13,2084000,1048000,1036000
1920,14,2036000,1021000,1015000
1920,15,1989000,994000,995000
1920,16,1940000,967000,973000
1920,17,1904000,946000,958000
1920,18,1880000,931000,949000
1920,19,1869000,922000,947000
1920,20,1855000,912000,943000
1920,21,1840000,901000,939000
1920,22,1835000,897000,938000
1920,23,1845000,904000,941000
1920,24,1864000,917000,947000
1920,25,1881000,929000,952000
1920,26,1904000,945000,959000
1920,27,1900000,947000,953000
1920,28,1854000,928000,926000
1920,29,1782000,895000,887000
1920,30,1711000,863000,848000
1920,31,1636000,829000,807000
1920,32,1584000,808000,776000
1920,33,1574000,809000,765000
1920,34,1590000,824000,766000
1920,35,1599000,835000,764000
1920,36,1610000,848000,762000
1920,37,1599000,846000,753000
1920,38,1553000,821000,732000
1920,39,1482000,779000,703000
1920,40,1417000,741000,676000
1920,41,1348000,700000,648000
1920,42,1291000,668000,623000
1920,43,1254000,652000,602000
1920,44,1229000,645000,584000
1920,45,1201000,636000,565000
1920,46,1171000,626000,545000
1920,47,1140000,614000,526000
1920,48,1108000,598000,510000
1920,49,1073000,578000,495000
1920,50,1042000,561000,481000
1920,51,1012000,544000,468000
1920,52,973000,522000,451000
1920,53,922000,494000,428000
1920,54,863000,461000,402000
1920,55,806000,429000,377000
1920,56,748000,396000,352000
1920,57,701000,369000,332000
1920,58,676000,356000,320000
1920,59,665000,351000,314000
1920,60,650000,344000,306000
1920,61,639000,339000,300000
1920,62,619000,328000,291000
1920,63,581000,308000,273000
1920,64,534000,282000,252000
1920,65,493000,259000,234000
1920,66,452000,237000,215000
1920,67,413000,215000,198000
1920,68,377000,196000,181000
1920,69,343000,177000,166000
1920,70,315000,161000,154000
1920,71,291000,148000,143000
1920,72,273000,138000,135000
1920,73,263000,133000,130000
1920,74,260000,131000,129000
1920,75,1449000,690000,759000
1921,0,2362000,1202000,1160000
1921,1,2375000,1206000,1169000
1921,2,2383000,1208000,1175000
1921,3,2382000,1206000,1176000
1921,4,2377000,1202000,1175000
1921,5,2366000,1195000,1171000
1921,6,2351000,1187000,1164000
1921,7,2332000,1177000,1155000
1921,8,2308000,1164000,1144000
1921,9,2279000,1149000,1130000
1921,10,2250000,1134000,1116000
1921,11,2220000,1118000,1102000
1921,12,2182000,1098000,1084000
1921,13,2138000,1074000,1064000
1921,14,2089000,1048000,1041000
1921,15,2042000,1022000,1020000
1921,16,1994000,996000,998000
1921,17,1954000,973000,981000
1921,18,1925000,956000,969000
1921,19,1902000,941000,961000
1921,20,1881000,928000,953000
1921,21,1855000,912000,943000
1921,22,1845000,906000,939000
1921,23,1858000,914000,944000
1921,24,1884000,929000,955000
1921,25,1909000,944000,965000
1921,26,1940000,963000,977000
1921,27,1942000,967000,975000
1921,28,1895000,946000,949000
1921,29,1819000,911000,908000
1921,30,1746000,877000,869000
1921,31,1668000,840000,828000
1921,32,1613000,817000,796000
1921,33,1600000,817000,783000
1921,34,1615000,832000,783000
1921,35,1619000,842000,777000
1921,36,1627000,854000,773000
1921,37,1616000,853000,763000
1921,38,1572000,829000,743000
1921,39,1508000,792000,716000
1921,40,1448000,756000,692000
1921,41,1389000,721000,668000
1921,42,1333000,690000,643000
1921,43,1293000,671000,622000
1921,44,1260000,659000,601000
1921,45,1223000,644000,579000
1921,46,1185000,628000,557000
1921,47,1151000,613000,538000
1921,48,1119000,598000,521000
1921,49,1091000,584000,507000
1921,50,1064000,571000,493000
1921,51,1039000,559000,480000
1921,52,1004000,540000,464000
1921,53,953000,512000,441000
1921,54,892000,477000,415000
1921,55,833000,443000,390000
1921,56,772000,408000,364000
1921,57,725000,382000,343000
1921,58,698000,367000,331000
1921,59,682000,359000,323000
1921,60,665000,350000,315000
1921,61,649000,342000,307000
1921,62,628000,331000,297000
1921,63,591000,311000,280000
1921,64,548000,288000,260000
1921,65,507000,265000,242000
1921,66,469000,245000,224000
1921,67,432000,225000,207000
1921,68,395000,205000,190000
1921,69,362000,187000,175000
1921,70,331000,170000,161000
1921,71,304000,155000,149000
1921,72,281000,142000,139000
1921,73,265000,133000,132000
1921,74,253000,126000,127000
1921,75,1481000,706000,775000
1922,0,2413000,1232000,1181000
1922,1,2413000,1228000,1185000
1922,2,2408000,1222000,1186000
1922,3,2403000,1217000,1186000
1922,4,2394000,1210000,1184000
1922,5,2382000,1203000,1179000
1922,6,2366000,1194000,1172000
1922,7,2349000,1184000,1165000
1922,8,2328000,1173000,1155000
1922,9,2303000,1160000,1143000
1922,10,2278000,1147000,1131000
1922,11,2252000,1133000,1119000
1922,12,2220000,1116000,1104000
1922,13,2178000,1094000,1084000
1922,14,2132000,1068000,1064000
1922,15,2086000,1043000,1043000
1922,16,2041000,1018000,1023000
1922,17,2001000,995000,1006000
1922,18,1966000,975000,991000
1922,19,1935000,956000,979000
1922,20,1904000,938000,966000
1922,21,1870000,918000,952000
1922,22,1853000,909000,944000
1922,23,1861000,913000,948000
1922,24,1885000,927000,958000
1922,25,1906000,940000,966000
1922,26,1933000,956000,977000
1922,27,1934000,959000,975000
1922,28,1896000,942000,954000
1922,29,1833000,912000,921000
1922,30,1773000,884000,889000
1922,31,1710000,854000,856000
1922,32,1662000,834000,828000
1922,33,1641000,829000,812000
1922,34,1636000,834000,802000
1922,35,1626000,836000,790000
1922,36,1616000,839000,777000
1922,37,1596000,834000,762000
1922,38,1561000,816000,745000
1922,39,1515000,790000,725000
1922,40,1471000,766000,705000
1922,41,1426000,741000,685000
1922,42,1382000,717000,665000
1922,43,1338000,695000,643000
1922,44,1292000,673000,619000
1922,45,1245000,650000,595000
1922,46,1197000,626000,571000
1922,47,1156000,606000,550000
1922,48,1127000,594000,533000
1922,49,1104000,586000,518000
1922,50,1081000,578000,503000
1922,51,1060000,570000,490000
1922,52,1029000,556000,473000
1922,53,979000,528000,451000
1922,54,921000,494000,427000
1922,55,864000,461000,403000
1922,56,807000,427000,380000
1922,57,759000,399000,360000
1922,58,726000,380000,346000
1922,59,701000,367000,334000
1922,60,676000,353000,323000
1922,61,651000,339000,312000
1922,62,623000,324000,299000
1922,63,591000,307000,284000
1922,64,553000,287000,266000
1922,65,518000,269000,249000
1922,66,485000,252000,233000
1922,67,451000,234000,217000
1922,68,418000,217000,201000
1922,69,383000,198000,185000
1922,70,352000,181000,171000
1922,71,322000,165000,157000
1922,72,292000,148000,144000
1922,73,263000,131000,132000
1922,74,235000,114000,121000
1922,75,1512000,721000,791000
1923,0,2433000,1242000,1191000
1923,1,2430000,1237000,1193000
1923,2,2426000,1232000,1194000
1923,3,2420000,1226000,1194000
1923,4,2410000,1219000,1191000
1923,5,2401000,1213000,1188000
1923,6,2387000,1205000,1182000
1923,7,2372000,1196000,1176000
1923,8,2352000,1185000,1167000
1923,9,2332000,1174000,1158000
1923,10,2309000,1162000,1147000
1923,11,2286000,1150000,1136000
1923,12,2256000,1134000,1122000
1923,13,2218000,1113000,1105000
1923,14,2176000,1090000,1086000
1923,15,2133000,1066000,1067000
1923,16,2093000,1044000,1049000
1923,17,2052000,1021000,1031000
1923,18,2015000,1001000,1014000
1923,19,1981000,982000,999000
1923,20,1947000,964000,983000
1923,21,1910000,944000,966000
1923,22,1888000,932000,956000
1923,23,1885000,931000,954000
1923,24,1894000,935000,959000
1923,25,1901000,940000,961000
1923,26,1910000,945000,965000
1923,27,1908000,946000,962000
1923,28,1886000,937000,949000
1923,29,1853000,922000,931000
1923,30,1821000,908000,913000
1923,31,1788000,894000,894000
1923,32,1755000,881000,874000
1923,33,1721000,869000,852000
1923,34,1688000,859000,829000
1923,35,1654000,848000,806000
1923,36,1615000,834000,781000
1923,37,1582000,822000,760000
1923,38,1552000,809000,743000
1923,39,1526000,796000,730000
1923,40,1499000,782000,717000
1923,41,1473000,769000,704000
1923,42,1439000,751000,688000
1923,43,1391000,726000,665000
1923,44,1335000,696000,639000
1923,45,1281000,667000,614000
1923,46,1224000,636000,588000
1923,47,1176000,612000,564000
1923,48,1142000,597000,545000
1923,49,1118000,589000,529000
1923,50,1092000,580000,512000
1923,51,1066000,571000,495000
1923,52,1034000,557000,477000
1923,53,992000,534000,458000
1923,54,943000,505000,438000
1923,55,896000,478000,418000
1923,56,850000,451000,399000
1923,57,805000,425000,380000
1923,58,765000,402000,363000
1923,59,729000,382000,347000
1923,60,692000,361000,331000
1923,61,655000,340000,315000
1923,62,621000,321000,300000
1923,63,590000,305000,285000
1923,64,562000,291000,271000
1923,65,532000,276000,256000
1923,66,503000,261000,242000
1923,67,473000,246000,227000
1923,68,443000,230000,213000
1923,69,411000,213000,198000
1923,70,377000,195000,182000
1923,71,342000,176000,166000
1923,72,303000,154000,149000
1923,73,263000,131000,132000
1923,74,218000,105000,113000
1923,75,1546000,738000,808000
1924,0,2476000,1262000,1214000
1924,1,2465000,1254000,1211000
1924,2,2454000,1247000,1207000
1924,3,2443000,1239000,1204000
1924,4,2431000,1232000,1199000
1924,5,2419000,1224000,1195000
1924,6,2404000,1215000,1189000
1924,7,2389000,1206000,1183000
1924,8,2373000,1197000,1176000
1924,9,2354000,1186000,1168000
1924,10,2335000,1175000,1160000
1924,11,2315000,1164000,1151000
1924,12,2290000,1150000,1140000
1924,13,2257000,1132000,1125000
1924,14,2222000,1112000,1110000
1924,15,2185000,1091000,1094000
1924,16,2149000,1071000,1078000
1924,17,2113000,1052000,1061000
1924,18,2076000,1032000,1044000
1924,19,2040000,1014000,1026000
1924,20,2005000,996000,1009000
1924,21,1970000,979000,991000
1924,22,1941000,964000,977000
1924,23,1923000,955000,968000
1924,24,1912000,949000,963000
1924,25,1901000,943000,958000
1924,26,1888000,936000,952000
1924,27,1880000,933000,947000
1924,28,1874000,932000,942000
1924,29,1872000,933000,939000
1924,30,1869000,934000,935000
1924,31,1868000,936000,932000
1924,32,1850000,931000,919000
1924,33,1807000,914000,893000
1924,34,1748000,889000,859000
1924,35,1690000,864000,826000
1924,36,1627000,837000,790000
1924,37,1579000,817000,762000
1924,38,1554000,807000,747000
1924,39,1542000,803000,739000
1924,40,1527000,797000,730000
1924,41,1513000,792000,721000
1924,42,1486000,778000,708000
1924,43,1439000,753000,686000
1924,44,1380000,721000,659000
1924,45,1322000,689000,633000
1924,46,1264000,656000,608000
1924,47,1213000,629000,584000
1924,48,1172000,610000,562000
1924,49,1140000,598000,542000
1924,50,1105000,583000,522000
1924,51,1070000,569000,501000
1924,52,1035000,553000,482000
1924,53,997000,533000,464000
1924,54,960000,512000,448000
1924,55,923000,492000,431000
1924,56,887000,472000,415000
1924,57,849000,450000,399000
1924,58,805000,425000,380000
1924,59,757000,398000,359000
1924,60,712000,372000,340000
1924,61,664000,345000,319000
1924,62,623000,322000,301000
1924,63,594000,307000,287000
1924,64,573000,296000,277000
1924,65,547000,283000,264000
1924,66,521000,270000,251000
1924,67,494000,256000,238000
1924,68,466000,242000,224000
1924,69,435000,226000,209000
1924,70,401000,207000,194000
1924,71,362000,186000,176000
1924,72,317000,162000,155000
1924,73,268000,134000,134000
1924,74,211000,102000,109000
1924,75,1587000,758000,829000
1925,0,2460000,1252000,1208000
1925,1,2465000,1254000,1211000
1925,2,2467000,1254000,1213000
1925,3,2465000,1252000,1213000
1925,4,2459000,1248000,1211000
1925,5,2449000,1242000,1207000
1925,6,2436000,1233000,1203000
1925,7,2420000,1224000,1196000
1925,8,2401000,1213000,1188000
1925,9,2381000,1201000,1180000
1925,10,2358000,1188000,1170000
1925,11,2333000,1173000,1160000
1925,12,2307000,1158000,1149000
1925,13,2279000,1141000,1138000
1925,14,2250000,1124000,1126000
1925,15,2222000,1107000,1115000
1925,16,2193000,1090000,1103000
1925,17,2160000,1072000,1088000
1925,18,2124000,1054000,1070000
1925,19,2085000,1034000,1051000
1925,20,2047000,1016000,1031000
1925,21,2012000,1000000,1012000
1925,22,1978000,984000,994000
1925,23,1947000,968000,979000
1925,24,1923000,955000,968000
1925,25,1896000,941000,955000
1925,26,1866000,925000,941000
1925,27,1852000,919000,933000
1925,28,1859000,924000,935000
1925,29,1877000,936000,941000
1925,30,1893000,947000,946000
1925,31,1915000,961000,954000
1925,32,1909000,961000,948000
1925,33,1863000,941000,922000
1925,34,1790000,907000,883000
1925,35,1720000,875000,845000
1925,36,1644000,839000,805000
1925,37,1588000,814000,774000
1925,38,1564000,806000,758000
1925,39,1560000,808000,752000
1925,40,1551000,808000,743000
1925,41,1540000,806000,734000
1925,42,1518000,797000,721000
1925,43,1474000,774000,700000
1925,44,1417000,742000,675000
1925,45,1363000,712000,651000
1925,46,1309000,681000,628000
1925,47,1256000,652000,604000
1925,48,1209000,629000,580000
1925,49,1167000,610000,557000
1925,50,1123000,590000,533000
1925,51,1079000,569000,510000
1925,52,1039000,550000,489000
1925,53,1003000,532000,471000
1925,54,973000,516000,457000
1925,55,944000,501000,443000
1925,56,916000,487000,429000
1925,57,882000,468000,414000
1925,58,837000,443000,394000
1925,59,783000,412000,371000
1925,60,733000,383000,350000
1925,61,681000,354000,327000
1925,62,637000,329000,308000
1925,63,607000,313000,294000
1925,64,585000,302000,283000
1925,65,562000,290000,272000
1925,66,536000,277000,259000
1925,67,509000,263000,246000
1925,68,481000,249000,232000
1925,69,449000,232000,217000
1925,70,415000,214000,201000
1925,71,376000,193000,183000
1925,72,329000,168000,161000
1925,73,279000,140000,139000
1925,74,219000,107000,112000
1925,75,1631000,779000,852000
1926,0,2366000,1202000,1164000
1926,1,2414000,1227000,1187000
1926,2,2451000,1246000,1205000
1926,3,2473000,1257000,1216000
1926,4,2485000,1262000,1223000
1926,5,2486000,1262000,1224000
1926,6,2479000,1257000,1222000
1926,7,2464000,1248000,1216000
1926,8,2444000,1236000,1208000
1926,9,2417000,1220000,1197000
1926,10,2386000,1203000,1183000
1926,11,2350000,1182000,1168000
1926,12,2315000,1162000,1153000
1926,13,2292000,1148000,1144000
1926,14,2273000,1136000,1137000
1926,15,2252000,1123000,1129000
1926,16,2229000,1109000,1120000
1926,17,2202000,1094000,1108000
1926,18,2166000,1075000,1091000
1926,19,2124000,1055000,1069000
1926,20,2085000,1035000,1050000
1926,21,2049000,1018000,1031000
1926,22,2012000,1000000,1012000
1926,23,1976000,982000,994000
1926,24,1942000,964000,978000
1926,25,1911000,948000,963000
1926,26,1873000,929000,944000
1926,27,1854000,920000,934000
1926,28,1862000,926000,936000
1926,29,1887000,941000,946000
1926,30,1909000,955000,954000
1926,31,1935000,971000,964000
1926,32,1934000,973000,961000
1926,33,1888000,952000,936000
1926,34,1814000,917000,897000
1926,35,1743000,883000,860000
1926,36,1667000,846000,821000
1926,37,1611000,821000,790000
1926,38,1588000,814000,774000
1926,39,1586000,819000,767000
1926,40,1578000,820000,758000
1926,41,1570000,822000,748000
1926,42,1548000,814000,734000
1926,43,1506000,792000,714000
1926,44,1450000,760000,690000
1926,45,1396000,730000,666000
1926,46,1343000,700000,643000
1926,47,1289000,670000,619000
1926,48,1242000,646000,596000
1926,49,1196000,624000,572000
1926,50,1149000,601000,548000
1926,51,1100000,577000,523000
1926,52,1056000,555000,501000
1926,53,1021000,538000,483000
1926,54,994000,525000,469000
1926,55,965000,511000,454000
1926,56,940000,499000,441000
1926,57,905000,481000,424000
1926,58,858000,455000,403000
1926,59,805000,424000,381000
1926,60,752000,394000,358000
1926,61,700000,364000,336000
1926,62,655000,338000,317000
1926,63,624000,321000,303000
1926,64,601000,310000,291000
1926,65,576000,297000,279000
1926,66,548000,282000,266000
1926,67,520000,268000,252000
1926,68,491000,253000,238000
1926,69,461000,237000,224000
1926,70,426000,219000,207000
1926,71,388000,199000,189000
1926,72,343000,175000,168000
1926,73,294000,149000,145000
1926,74,236000,118000,118000
1926,75,1677000,802000,875000
1927,0,2305000,1169000,1136000
1927,1,2383000,1210000,1173000
1927,2,2441000,1240000,1201000
1927,3,2480000,1260000,1220000
1927,4,2502000,1271000,1231000
1927,5,2512000,1275000,1237000
1927,6,2509000,1273000,1236000
1927,7,2496000,1265000,1231000
1927,8,2474000,1252000,1222000
1927,9,2445000,1235000,1210000
1927,10,2410000,1215000,1195000
1927,11,2366000,1191000,1175000
1927,12,2330000,1170000,1160000
1927,13,2311000,1158000,1153000
1927,14,2299000,1150000,1149000
1927,15,2283000,1139000,1144000
1927,16,2267000,1129000,1138000
1927,17,2244000,1116000,1128000
1927,18,2210000,1098000,1112000
1927,19,2168000,1077000,1091000
1927,20,2128000,1057000,1071000
1927,21,2090000,1038000,1052000
1927,22,2052000,1019000,1033000
1927,23,2013000,999000,1014000
1927,24,1975000,980000,995000
1927,25,1937000,961000,976000
1927,26,1897000,941000,956000
1927,27,1872000,929000,943000
1927,28,1875000,933000,942000
1927,29,1892000,944000,948000
1927,30,1907000,954000,953000
1927,31,1926000,967000,959000
1927,32,1925000,969000,956000
1927,33,1888000,952000,936000
1927,34,1829000,923000,906000
1927,35,1774000,897000,877000
1927,36,1714000,868000,846000
1927,37,1668000,847000,821000
1927,38,1641000,838000,803000
1927,39,1627000,838000,789000
1927,40,1608000,834000,774000
1927,41,1588000,830000,758000
1927,42,1560000,820000,740000
1927,43,1520000,799000,721000
1927,44,1472000,772000,700000
1927,45,1426000,746000,680000
1927,46,1379000,719000,660000
1927,47,1332000,693000,639000
1927,48,1281000,667000,614000
1927,49,1231000,642000,589000
1927,50,1179000,615000,564000
1927,51,1127000,589000,538000
1927,52,1080000,565000,515000
1927,53,1043000,547000,496000
1927,54,1014000,534000,480000
1927,55,983000,519000,464000
1927,56,955000,506000,449000
1927,57,918000,487000,431000
1927,58,874000,463000,411000
1927,59,824000,434000,390000
1927,60,775000,406000,369000
1927,61,725000,377000,348000
1927,62,681000,352000,329000
1927,63,648000,334000,314000
1927,64,620000,320000,300000
1927,65,590000,304000,286000
1927,66,558000,287000,271000
1927,67,528000,271000,257000
1927,68,497000,255000,242000
1927,69,466000,239000,227000
1927,70,430000,220000,210000
1927,71,395000,202000,193000
1927,72,355000,181000,174000
1927,73,312000,159000,153000
1927,74,267000,135000,132000
1927,75,1729000,827000,902000
1928,0,2251000,1143000,1108000
1928,1,2345000,1191000,1154000
1928,2,2416000,1227000,1189000
1928,3,2466000,1252000,1214000
1928,4,2500000,1269000,1231000
1928,5,2515000,1276000,1239000
1928,6,2518000,1277000,1241000
1928,7,2509000,1271000,1238000
1928,8,2490000,1260000,1230000
1928,9,2464000,1246000,1218000
1928,10,2429000,1226000,1203000
1928,11,2385000,1202000,1183000
1928,12,2351000,1183000,1168000
1928,13,2334000,1172000,1162000
1928,14,2325000,1165000,1160000
1928,15,2313000,1156000,1157000
1928,16,2298000,1146000,1152000
1928,17,2277000,1133000,1144000
1928,18,2245000,1115000,1130000
1928,19,2206000,1095000,1111000
1928,20,2171000,1076000,1095000
1928,21,2134000,1056000,1078000
1928,22,2097000,1038000,1059000
1928,23,2056000,1017000,1039000
1928,24,2014000,997000,1017000
1928,25,1973000,977000,996000
1928,26,1931000,958000,973000
1928,27,1900000,944000,956000
1928,28,1889000,939000,950000
1928,29,1891000,942000,949000
1928,30,1892000,945000,947000
1928,31,1891000,947000,944000
1928,32,1885000,946000,939000
1928,33,1865000,937000,928000
1928,34,1836000,925000,911000
1928,35,1808000,913000,895000
1928,36,1781000,900000,881000
1928,37,1750000,888000,862000
1928,38,1715000,875000,840000
1928,39,1678000,862000,816000
1928,40,1639000,848000,791000
1928,41,1599000,833000,766000
1928,42,1560000,817000,743000
1928,43,1523000,799000,724000
1928,44,1487000,779000,708000
1928,45,1451000,759000,692000
1928,46,1416000,740000,676000
1928,47,1374000,717000,657000
1928,48,1324000,691000,633000
1928,49,1270000,663000,607000
1928,50,1217000,635000,582000
1928,51,1162000,606000,556000
1928,52,1111000,579000,532000
1928,53,1071000,560000,511000
1928,54,1034000,542000,492000
1928,55,997000,525000,472000
1928,56,960000,507000,453000
1928,57,923000,488000,435000
1928,58,882000,466000,416000
1928,59,838000,440000,398000
1928,60,796000,417000,379000
1928,61,753000,392000,361000
1928,62,714000,370000,344000
1928,63,676000,349000,327000
1928,64,639000,330000,309000
1928,65,604000,311000,293000
1928,66,567000,291000,276000
1928,67,533000,273000,260000
1928,68,498000,254000,244000
1928,69,465000,237000,228000
1928,70,432000,220000,212000
1928,71,400000,204000,196000
1928,72,369000,188000,181000
1928,73,337000,172000,165000
1928,74,307000,157000,150000
1928,75,1787000,855000,932000
1929,0,2142000,1090000,1052000
1929,1,2274000,1155000,1119000
1929,2,2374000,1205000,1169000
1929,3,2447000,1241000,1206000
1929,4,2497000,1266000,1231000
1929,5,2526000,1280000,1246000
1929,6,2535000,1284000,1251000
1929,7,2529000,1281000,1248000
1929,8,2512000,1272000,1240000
1929,9,2485000,1257000,1228000
1929,10,2446000,1237000,1209000
1929,11,2398000,1212000,1186000
1929,12,2358000,1190000,1168000
1929,13,2342000,1179000,1163000
1929,14,2339000,1175000,1164000
1929,15,2330000,1167000,1163000
1929,16,2316000,1157000,1159000
1929,17,2298000,1145000,1153000
1929,18,2273000,1129000,1144000
1929,19,2240000,1110000,1130000
1929,20,2209000,1092000,1117000
1929,21,2179000,1074000,1105000
1929,22,2143000,1055000,1088000
1929,23,2103000,1035000,1068000
1929,24,2060000,1015000,1045000
1929,25,2018000,996000,1022000
1929,26,1974000,976000,998000
1929,27,1937000,959000,978000
1929,28,1910000,948000,962000
1929,29,1890000,939000,951000
1929,30,1870000,931000,939000
1929,31,1847000,922000,925000
1929,32,1832000,917000,915000
1929,33,1829000,918000,911000
1929,34,1834000,923000,911000
1929,35,1837000,927000,910000
1929,36,1843000,932000,911000
1929,37,1829000,928000,901000
1929,38,1791000,913000,878000
1929,39,1732000,888000,844000
1929,40,1677000,865000,812000
1929,41,1617000,840000,777000
1929,42,1565000,817000,748000
1929,43,1529000,799000,730000
1929,44,1501000,785000,716000
1929,45,1470000,768000,702000
1929,46,1440000,752000,688000
1929,47,1403000,733000,670000
1929,48,1357000,709000,648000
1929,49,1306000,682000,624000
1929,50,1254000,655000,599000
1929,51,1207000,630000,577000
1929,52,1156000,603000,553000
1929,53,1108000,579000,529000
1929,54,1060000,555000,505000
1929,55,1013000,531000,482000
1929,56,964000,507000,457000
1929,57,919000,483000,436000
1929,58,882000,463000,419000
1929,59,847000,444000,403000
1929,60,811000,424000,387000
1929,61,777000,404000,373000
1929,62,742000,385000,357000
1929,63,701000,362000,339000
1929,64,659000,340000,319000
1929,65,617000,317000,300000
1929,66,578000,296000,282000
1929,67,540000,276000,264000
1929,68,503000,256000,247000
1929,69,470000,239000,231000
1929,70,436000,221000,215000
1929,71,406000,206000,200000
1929,72,380000,193000,187000
1929,73,354000,181000,173000
1929,74,336000,173000,163000
1929,75,1854000,887000,967000
1930,0,2181398,1107325,1074073
1930,1,2164397,1098451,1065946
1930,2,2272951,1167027,1105924
1930,3,2375736,1207259,1168477
1930,4,2377633,1206960,1170673
1930,5,2489604,1266778,1222826
1930,6,2512951,1271358,1241593
1930,7,2482957,1254693,1228264
1930,8,2569834,1296777,1273057
1930,9,2534824,1283924,1250900
1930,10,2472639,1251688,1220951
1930,11,2430418,1230003,1200415
1930,12,2396985,1212837,1184148
1930,13,2375924,1200025,1175899
1930,14,2364654,1190619,1174035
1930,15,2351648,1180257,1171391
1930,16,2335712,1168684,1167028
1930,17,2317496,1155843,1161653
1930,18,2295997,1141113,1154884
1930,19,2271276,1124740,1146536
1930,20,2245650,1108062,1137588
1930,21,2220398,1091597,1128801
1930,22,2190420,1074105,1116315
1930,23,2151904,1054756,1097148
1930,24,2106848,1034155,1072693
1930,25,2061558,1013967,1047591
1930,26,2017439,994712,1022727
1930,27,1975370,976460,998910
1930,28,1936950,959486,977464
1930,29,1902713,944177,958536
1930,30,1869017,929367,939650
1930,31,1832401,913361,919040
1930,32,1808190,903784,904406
1930,33,1808434,906720,901714
1930,34,1826764,918922,907842
1930,35,1846872,932017,914855
1930,36,1869177,946117,923060
1930,37,1874189,951608,922581
1930,38,1843703,939470,904233
1930,39,1784523,913002,871521
1930,40,1721420,884443,836977
1930,41,1656726,855009,801717
1930,42,1597764,827823,769941
1930,43,1553910,807116,746794
1930,44,1522279,791612,730667
1930,45,1489630,775292,714338
1930,46,1454197,757319,696878
1930,47,1417238,738562,678676
1930,48,1378010,718920,659090
1930,49,1336549,698322,638227
1930,50,1295061,677528,617533
1930,51,1254791,657170,597621
1930,52,1210584,634451,576133
1930,53,1158516,607175,551341
1930,54,1100655,576506,524149
1930,55,1042234,545420,496814
1930,56,983123,513891,469232
1930,57,929633,485258,444375
1930,58,887636,462646,424990
1930,59,854905,444901,410004
1930,60,823587,427873,395714
1930,61,793172,411281,381891
1930,62,760527,393553,366974
1930,63,722084,372850,349234
1930,64,679137,349859,329278
1930,65,636589,327102,309487
1930,66,594731,304703,290028
1930,67,555171,283674,271497
1930,68,519894,265189,254705
1930,69,488113,248773,239340
1930,70,457195,232867,224328
1930,71,427255,217527,209728
1930,72,396062,201434,194628
1930,73,361419,183295,178124
1930,74,324337,163691,160646
1930,75,1945053,931276,1013777
1931,0,2138681,1087341,1051340
1931,1,2140300,1083155,1057145
1931,2,2225565,1125772,1099793
1931,3,2300649,1180976,1119673
1931,4,2374212,1205680,1168532
1931,5,2444300,1248266,1196034
1931,6,2480998,1261280,1219718
1931,7,2505440,1266910,1238530
1931,8,2480593,1252653,1227940
1931,9,2557405,1289352,1268053
1931,10,2522846,1275649,1247197
1931,11,2463316,1244250,1219066
1931,12,2421068,1222012,1199056
1931,13,2387124,1204150,1182974
1931,14,2365836,1191265,1174571
1931,15,2354622,1182319,1172303
1931,16,2341673,1172452,1169221
1931,17,2325848,1161403,1164445
1931,18,2307372,1148959,1158413
1931,19,2284853,1134309,1150544
1931,20,2258530,1117747,1140783
1931,21,2231227,1100876,1130351
1931,22,2204264,1084248,1120016
1931,23,2173482,1066860,1106622
1931,24,2135900,1048137,1087763
1931,25,2093086,1028535,1064551
1931,26,2050165,1009339,1040826
1931,27,2008335,991005,1017330
1931,28,1968174,973525,994649
1931,29,1930868,957054,973814
1931,30,1896973,941978,954995
1931,31,1863544,927343,936201
1931,32,1827400,911589,915811
1931,33,1802673,901750,900923
1931,34,1800580,903490,897090
1931,35,1815328,913849,901479
1931,36,1831577,924957,906620
1931,37,1849712,936899,912813
1931,38,1852003,940967,911036
1931,39,1821808,928910,892898
1931,40,1765261,903705,861556
1931,41,1705029,876521,828508
1931,42,1643354,848532,794822
1931,43,1586237,822175,764062
1931,44,1541659,800978,740681
1931,45,1507260,783896,723364
1931,46,1471699,765940,705759
1931,47,1433448,746368,687080
1931,48,1394170,726229,667941
1931,49,1353779,705732,648047
1931,50,1312221,684777,627444
1931,51,1270700,663667,607033
1931,52,1230260,642910,587350
1931,53,1186554,620203,566351
1931,54,1136234,593699,542535
1931,55,1081000,564356,516644
1931,56,1025437,534745,490692
1931,57,969449,504841,464608
1931,58,918022,477318,440704
1931,59,875870,454706,421164
1931,60,841186,436064,405122
1931,61,807603,418019,389584
1931,62,774927,400375,374552
1931,63,740343,381767,358576
1931,64,700937,360627,340310
1931,65,657852,337577,320275
1931,66,615103,314720,300383
1931,67,572915,292160,280755
1931,68,532994,270952,262042
1931,69,497324,252269,245055
1931,70,465200,235670,229530
1931,71,434011,219615,214396
1931,72,403826,204124,199702
1931,73,372673,188062,184611
1931,74,338502,170251,168251
1931,75,2038279,974742,1063537
1932,0,2040919,1035926,1004993
1932,1,2101784,1064807,1036977
1932,2,2208897,1114949,1093948
1932,3,2250398,1139961,1110437
1932,4,2301105,1179068,1122037
1932,5,2435190,1243730,1191460
1932,6,2436210,1242711,1193499
1932,7,2472188,1255692,1216496
1932,8,2497622,1262298,1235324
1932,9,2477759,1250378,1227381
1932,10,2544521,1281712,1262809
1932,11,2510332,1267101,1243231
1932,12,2453347,1236510,1216837
1932,13,2410850,1213584,1197266
1932,14,2376177,1194937,1181240
1932,15,2354569,1181933,1172636
1932,16,2343380,1173408,1169972
1932,17,2330480,1164047,1166433
1932,18,2314809,1153548,1161261
1932,19,2296173,1141551,1154622
1932,20,2272673,1126994,1145679
1932,21,2244739,1110247,1134492
1932,22,2215865,1093232,1122633
1932,23,2187348,1076506,1110842
1932,24,2155910,1059304,1096606
1932,25,2119286,1041229,1078057
1932,26,2078713,1022607,1056106
1932,27,2038119,1004380,1033739
1932,28,1998540,986942,1011598
1932,29,1960268,970209,990059
1932,30,1924044,954224,969820
1932,31,1890488,939367,951121
1932,32,1857301,924892,932409
1932,33,1821514,909326,912188
1932,34,1796148,899168,896980
1932,35,1791757,899729,892028
1932,36,1802901,908230,894671
1932,37,1815361,917373,897988
1932,38,1829430,927213,902217
1932,39,1829088,929880,899208
1932,40,1799179,917897,881282
1932,41,1745185,893908,851277
1932,42,1687721,868043,819678
1932,43,1628947,841432,787515
1932,44,1573576,815866,757710
1932,45,1528258,794149,734109
1932,46,1491096,775520,715576
1932,47,1452662,755935,696727
1932,48,1411618,734781,676837
1932,49,1370057,713286,656771
1932,50,1328538,691958,636580
1932,51,1286858,670654,616204
1932,52,1245344,649249,596095
1932,53,1204789,628142,576647
1932,54,1161653,605493,556160
1932,55,1113032,579739,533293
1932,56,1060360,551692,508668
1932,57,1007524,523487,484037
1932,58,954404,495073,459331
1932,59,904821,468542,436279
1932,60,862443,445900,416543
1932,61,825835,426383,399452
1932,62,790060,407356,382704
1932,63,755243,388728,366515
1932,64,718847,369302,349545
1932,65,678544,347767,330777
1932,66,635272,324639,310633
1932,67,592326,301700,290626
1932,68,549842,279022,270820
1932,69,509616,257696,251920
1932,70,473635,238870,234765
1932,71,441222,222132,219090
1932,72,409821,205976,203845
1932,73,379500,190410,189090
1932,74,348459,174425,174034
1932,75,2127981,1016082,1111899
1933,0,1937890,984905,952985
1933,1,2011141,1016844,994297
1933,2,2183375,1103441,1079934
1933,3,2229269,1126997,1102272
1933,4,2250477,1139660,1110817
1933,5,2365010,1216814,1148196
1933,6,2424948,1237243,1187705
1933,7,2429945,1238101,1191844
1933,8,2465138,1250991,1214147
1933,9,2491440,1258517,1232923
1933,10,2476490,1248903,1227587
1933,11,2533211,1274854,1258357
1933,12,2499260,1259303,1239957
1933,13,2444536,1229350,1215186
1933,14,2401537,1205629,1195908
1933,15,2366022,1186144,1179878
1933,16,2344056,1172979,1171077
1933,17,2332876,1164881,1167995
1933,18,2320061,1156045,1164016
1933,19,2304623,1146134,1158489
1933,20,2285833,1134579,1151254
1933,21,2261319,1120104,1141215
1933,22,2231855,1103206,1128649
1933,23,2201538,1086097,1115441
1933,24,2171599,1069344,1102255
1933,25,2139522,1052343,1087179
1933,26,2103838,1034887,1068951
1933,27,2065435,1017208,1048227
1933,28,2027095,999908,1027187
1933,29,1989714,983328,1006386
1933,30,1953259,967307,985952
1933,31,1918075,951779,966296
1933,32,1884798,937109,947689
1933,33,1851714,922718,928996
1933,34,1816121,907267,908854
1933,35,1790123,896791,893332
1933,36,1783399,896154,887245
1933,37,1791014,902826,888188
1933,38,1799795,910063,889732
1933,39,1809909,917838,892071
1933,40,1806959,919114,887845
1933,41,1777259,907163,870096
1933,42,1725671,884317,841354
1933,43,1670814,859684,811130
1933,44,1614775,834380,780395
1933,45,1561040,809525,751515
1933,46,1514915,787279,727636
1933,47,1474993,767093,707900
1933,48,1433674,745877,687797
1933,49,1389849,723154,666695
1933,50,1346036,700323,645713
1933,51,1303359,678170,625189
1933,52,1261557,656516,605041
1933,53,1220073,634846,585227
1933,54,1179452,613429,566023
1933,55,1136836,590822,546014
1933,56,1089838,565787,524051
1933,57,1039561,538949,500612
1933,58,989167,512001,477166
1933,59,938621,484920,453701
1933,60,890694,459286,431408
1933,61,848014,436577,411437
1933,62,809506,416198,393308
1933,63,771624,396235,375389
1933,64,734772,376677,358095
1933,65,696639,356476,340163
1933,66,655393,334525,320868
1933,67,611895,311315,300580
1933,68,568744,288313,280431
1933,69,525988,265561,260427
1933,70,485519,244160,241359
1933,71,449271,225231,224040
1933,72,416612,208393,208219
1933,73,385091,192198,192893
1933,74,354694,176599,178095
1933,75,2212598,1054325,1158273
1934,0,1874566,953093,921473
1934,1,1917215,969990,947225
1934,2,2107742,1063573,1044169
1934,3,2204350,1115475,1088875
1934,4,2226918,1125710,1101208
1934,5,2314488,1178761,1135727
1934,6,2360580,1212036,1148544
1934,7,2418028,1232465,1185563
1934,8,2426895,1235121,1191774
1934,9,2461216,1247884,1213332
1934,10,2488388,1256323,1232065
1934,11,2478235,1248932,1229303
1934,12,2524902,1269522,1255380
1934,13,2490904,1252863,1238041
1934,14,2438135,1223412,1214723
1934,15,2394491,1198826,1195665
1934,16,2358069,1178448,1179621
1934,17,2335716,1165123,1170593
1934,18,2324571,1157466,1167105
1934,19,2311912,1149189,1162723
1934,20,2296708,1139860,1156848
1934,21,2277711,1128725,1148986
1934,22,2252239,1114355,1137884
1934,23,2221351,1097348,1124003
1934,24,2189700,1080202,1109498
1934,25,2158347,1063429,1094918
1934,26,2125615,1046599,1079016
1934,27,2090799,1029721,1061078
1934,28,2054477,1012933,1041544
1934,29,2018315,996511,1021804
1934,30,1983039,980745,1002294
1934,31,1948327,965396,982931
1934,32,1914096,950280,963816
1934,33,1880940,935715,945225
1934,34,1847771,921325,926446
1934,35,1812339,905970,906369
1934,36,1785632,895137,890495
1934,37,1776617,893313,883304
1934,38,1780802,898212,882590
1934,39,1786003,903576,882427
1934,40,1792212,909310,882902
1934,41,1786626,909181,877445
1934,42,1757015,897206,859809
1934,43,1707653,875406,832247
1934,44,1655208,851922,803286
1934,45,1601747,827823,773924
1934,46,1549502,803629,745873
1934,47,1502491,780800,721691
1934,48,1459762,759034,700728
1934,49,1415542,736186,679356
1934,50,1368941,711899,657042
1934,51,1322842,687734,635108
1934,52,1279010,664754,614256
1934,53,1237089,642769,594320
1934,54,1195651,620856,574795
1934,55,1154909,599111,555798
1934,56,1112756,576532,536224
1934,57,1067220,552139,515081
1934,58,1019038,526355,492683
1934,59,970775,500498,470277
1934,60,922554,474623,447931
1934,61,876093,449790,426303
1934,62,833032,426970,406062
1934,63,792665,405754,386911
1934,64,752753,384892,367861
1934,65,713921,364436,349485
1934,66,674017,343445,330572
1934,67,631809,321082,310727
1934,68,588043,297790,290253
1934,69,544668,274745,269923
1934,70,501675,251946,249729
1934,71,460993,230503,230490
1934,72,424519,211508,213011
1934,73,391695,194625,197070
1934,74,360103,178425,181678
1934,75,2291095,1088954,1202141
1935,0,1951444,992772,958672
1935,1,1862375,942268,920107
1935,2,2027696,1023957,1003739
1935,3,2127788,1075048,1052740
1935,4,2201074,1113536,1087538
1935,5,2285507,1161841,1123666
1935,6,2309343,1175414,1133929
1935,7,2357112,1207767,1149345
1935,8,2412005,1228133,1183872
1935,9,2424601,1232533,1192068
1935,10,2458035,1245159,1212876
1935,11,2486000,1254450,1231550
1935,12,2480517,1249245,1231272
1935,13,2516918,1264337,1252581
1935,14,2482624,1246467,1236157
1935,15,2431698,1217465,1214233
1935,16,2387374,1191973,1195401
1935,17,2350041,1170719,1179322
1935,18,2327340,1157263,1170077
1935,19,2316318,1150093,1166225
1935,20,2303828,1142378,1161450
1935,21,2288818,1133616,1155202
1935,22,2269685,1122937,1146748
1935,23,2243381,1108725,1134656
1935,24,2211208,1091683,1119525
1935,25,2178258,1074527,1103731
1935,26,2145509,1057722,1087787
1935,27,2112105,1041043,1071062
1935,28,2078118,1024714,1053404
1935,29,2043844,1008788,1035056
1935,30,2009807,993217,1016590
1935,31,1976593,978237,998356
1935,32,1943565,963528,980037
1935,33,1910146,948751,961395
1935,34,1876952,934219,942733
1935,35,1843703,919828,923875
1935,36,1808375,904536,903839
1935,37,1780985,893348,887637
1935,38,1769750,890375,879375
1935,39,1770586,893521,877065
1935,40,1772232,897022,875210
1935,41,1774524,900706,873818
1935,42,1766251,899150,867101
1935,43,1736632,887093,849539
1935,44,1689360,866283,823077
1935,45,1639233,843875,795358
1935,46,1588237,820944,767293
1935,47,1537402,797351,740051
1935,48,1489459,773915,715544
1935,49,1443929,750578,693351
1935,50,1396845,726119,670726
1935,51,1347485,700295,647190
1935,52,1299172,674828,624344
1935,53,1254256,651075,603181
1935,54,1212273,628800,583473
1935,55,1170864,606644,564220
1935,56,1130002,584592,545410
1935,57,1088230,562011,526219
1935,58,1043935,538152,505783
1935,59,997598,513291,484307
1935,60,951288,488438,462850
1935,61,905222,463684,441538
1935,62,860106,439582,420524
1935,63,816660,416653,400007
1935,64,774527,394646,379881
1935,65,732667,372933,359734
1935,66,691864,351587,340277
1935,67,650248,329848,320400
1935,68,607111,307111,300000
1935,69,563102,283781,279321
1935,70,519567,260736,258831
1935,71,476412,237945,238467
1935,72,435607,216521,219086
1935,73,399041,197542,201499
1935,74,366139,180666,185473
1935,75,2361726,1119358,1242368
1936,0,1944835,992701,952134
1936,1,1942228,983259,958969
1936,2,1987308,1004007,983301
1936,3,2046505,1034438,1012067
1936,4,2122916,1072338,1050578
1936,5,2256622,1147475,1109147
1936,6,2275046,1156088,1118958
1936,7,2303852,1171901,1131951
1936,8,2353194,1203261,1149933
1936,9,2405393,1223511,1181882
1936,10,2421680,1229632,1192048
1936,11,2454135,1242056,1212079
1936,12,2482768,1252162,1230606
1936,13,2481706,1248987,1232719
1936,14,2507599,1258487,1249112
1936,15,2472922,1239365,1233557
1936,16,2423825,1210780,1213045
1936,17,2378845,1184419,1194426
1936,18,2340668,1162337,1178331
1936,19,2317717,1148801,1168916
1936,20,2306833,1142124,1164709
1936,21,2294488,1134966,1159522
1936,22,2279746,1126810,1152936
1936,23,2260608,1116642,1143966
1936,24,2233621,1102669,1130952
1936,25,2200215,1085628,1114587
1936,26,2166000,1068458,1097542
1936,27,2131860,1051612,1080248
1936,28,2097780,1035069,1062711
1936,29,2064625,1019274,1045351
1936,30,2032364,1004190,1028174
1936,31,2000430,989452,1010978
1936,32,1969238,975236,994002
1936,33,1937761,961099,976662
1936,34,1905006,946595,958411
1936,35,1871791,932100,939691
1936,36,1838425,917682,920743
1936,37,1803236,902460,900776
1936,38,1775230,890948,884282
1936,39,1761848,886842,875006
1936,40,1759353,888239,871114
1936,41,1757429,889865,867564
1936,42,1755769,891485,864284
1936,43,1744757,888463,856294
1936,44,1715040,876292,838748
1936,45,1669796,856414,813382
1936,46,1621905,835060,786845
1936,47,1573305,813238,760067
1936,48,1523814,790208,733606
1936,49,1474928,766159,708769
1936,50,1426659,741285,685374
1936,51,1376748,715254,661494
1936,52,1324738,687944,636794
1936,53,1274342,661259,613083
1936,54,1228457,636803,591654
1936,55,1186424,614254,572170
1936,56,1145057,591880,553177
1936,57,1104037,569517,534520
1936,58,1062488,546867,515621
1936,59,1019238,523447,495791
1936,60,974602,499441,475161
1936,61,930119,475532,454587
1936,62,886084,451828,434256
1936,63,842248,428426,413822
1936,64,798451,405402,393049
1936,65,754639,382656,371983
1936,66,710859,360107,350752
1936,67,668168,337927,330241
1936,68,624947,315516,309431
1936,69,580975,292483,288492
1936,70,536807,269166,267641
1936,71,493200,246180,247020
1936,72,449999,223471,226528
1936,73,409244,202168,207076
1936,74,372712,183276,189436
1936,75,2424973,1146010,1278963
1937,0,1932237,982918,949319
1937,1,1948567,989772,958795
1937,2,2079031,1051681,1027350
1937,3,2007264,1014946,992318
1937,4,2041574,1031459,1010115
1937,5,2176641,1104920,1071721
1937,6,2245185,1141091,1104094
1937,7,2264960,1150536,1114424
1937,8,2298622,1168507,1130115
1937,9,2349413,1198837,1150576
1937,10,2398903,1218954,1179949
1937,11,2418789,1226734,1192055
1937,12,2450155,1238927,1211228
1937,13,2479212,1249694,1229518
1937,14,2482314,1248441,1233873
1937,15,2497614,1252304,1245310
1937,16,2462532,1231898,1230634
1937,17,2415265,1203756,1211509
1937,18,2369686,1176567,1193119
1937,19,2330760,1153709,1177051
1937,20,2307580,1140107,1167473
1937,21,2296809,1133915,1162894
1937,22,2284673,1127346,1157327
1937,23,2270319,1119847,1150472
1937,24,2251310,1110265,1141045
1937,25,2223677,1096557,1127120
1937,26,2189057,1079505,1109552
1937,27,2153576,1062308,1091268
1937,28,2118045,1045405,1072640
1937,29,2083292,1028984,1054308
1937,30,2050939,1013703,1037236
1937,31,2020656,999436,1021220
1937,32,1990773,985504,1005269
1937,33,1961453,971975,989478
1937,34,1931357,958336,973021
1937,35,1899263,944102,955161
1937,36,1865981,929613,936368
1937,37,1832529,915175,917354
1937,38,1797531,900047,897484
1937,39,1768960,888216,880744
1937,40,1753435,882972,870463
1937,41,1747594,882610,864984
1937,42,1742060,882344,859716
1937,43,1736411,881870,854541
1937,44,1722595,877369,845226
1937,45,1692734,865035,827699
1937,46,1649422,846060,803362
1937,47,1603688,825699,777989
1937,48,1557382,804928,752454
1937,49,1509160,782418,726742
1937,50,1459332,757757,701575
1937,51,1408340,731372,676968
1937,52,1355696,703809,651887
1937,53,1301164,675094,626070
1937,54,1248823,647273,601550
1937,55,1201999,622138,579861
1937,56,1159924,599337,560587
1937,57,1118544,576733,541811
1937,58,1077214,553997,523217
1937,59,1035710,531199,504511
1937,60,993380,508167,485213
1937,61,950324,484959,465365
1937,62,907546,461925,445621
1937,63,865428,439215,426213
1937,64,822800,416471,406329
1937,65,778645,393352,385293
1937,66,733145,369865,363280
1937,67,687512,346526,340986
1937,68,643039,323589,319450
1937,69,598334,300595,297739
1937,70,553650,277335,276315
1937,71,509397,254083,255314
1937,72,465808,231214,234594
1937,73,422728,208684,214044
1937,74,382158,187577,194581
1937,75,2483204,1170229,1312975
1938,0,2018652,1027603,991049
1938,1,1942637,982308,960329
1938,2,2108385,1070684,1037701
1938,3,2099909,1063188,1036721
1938,4,2006846,1014102,992744
1938,5,2096956,1064174,1032782
1938,6,2167475,1099770,1067705
1938,7,2236930,1136335,1100595
1938,8,2257979,1146549,1111430
1938,9,2296412,1166658,1129754
1938,10,2348694,1195979,1152715
1938,11,2395459,1215933,1179526
1938,12,2418852,1225348,1193504
1938,13,2448931,1237174,1211757
1938,14,2478197,1248507,1229690
1938,15,2485347,1249113,1236234
1938,16,2490059,1247314,1242745
1938,17,2454527,1225622,1228905
1938,18,2409083,1197926,1211157
1938,19,2362946,1169928,1193018
1938,20,2323249,1146285,1176964
1938,21,2299790,1132598,1167192
1938,22,2289185,1126920,1162265
1938,23,2277365,1120986,1156379
1938,24,2263509,1114205,1149304
1938,25,2244632,1105214,1139418
1938,26,2216331,1091743,1124588
1938,27,2180449,1074645,1105804
1938,28,2143653,1057383,1086270
1938,29,2106690,1040388,1066302
1938,30,2071210,1024052,1047158
1938,31,2039596,1009246,1030350
1938,32,2011214,995758,1015456
1938,33,1983198,982540,1000658
1938,34,1955539,969605,985934
1938,35,1926774,956440,970334
1938,36,1895241,942420,952821
1938,37,1861881,927928,933953
1938,38,1828355,913475,914880
1938,39,1793551,898424,895127
1938,40,1764365,886245,878120
1938,41,1746643,879838,866805
1938,42,1737401,877694,859707
1938,43,1728204,875501,852703
1938,44,1718503,872923,845580
1938,45,1701859,866909,834950
1938,46,1671754,854387,817367
1938,47,1630247,836233,794014
1938,48,1586517,816784,769733
1938,49,1542351,796984,745367
1938,50,1495284,774934,720350
1938,51,1444417,749625,694792
1938,52,1390721,721731,668990
1938,53,1335400,692680,642720
1938,54,1278432,662612,615820
1938,55,1224144,633660,590484
1938,56,1176369,607856,568513
1938,57,1134141,584759,549382
1938,58,1092535,561829,530706
1938,59,1050686,538626,512060
1938,60,1009094,515631,493463
1938,61,967547,492926,474621
1938,62,925906,470427,455479
1938,63,884694,448198,436496
1938,64,844342,426398,417944
1938,65,802759,404231,398528
1938,66,758083,380935,377148
1938,67,710885,356716,354169
1938,68,663756,332629,331127
1938,69,617255,308999,308256
1938,70,571186,285487,285699
1938,71,525853,262042,263811
1938,72,481552,238884,242668
1938,73,438083,216196,221887
1938,74,395210,193891,201319
1938,75,2543073,1195491,1347582
1939,0,2041014,1040024,1000990
1939,1,2025350,1029246,996104
1939,2,2115730,1069772,1045958
1939,3,2136944,1086351,1050593
1939,4,2099288,1062630,1036658
1939,5,2064071,1047272,1016799
1939,6,2089083,1059487,1029596
1939,7,2159685,1095329,1064356
1939,8,2229989,1132233,1097756
1939,9,2252207,1143183,1109024
1939,10,2295409,1165422,1129987
1939,11,2349128,1193693,1155435
1939,12,2393080,1213464,1179616
1939,13,2419751,1224364,1195387
1939,14,2448310,1235725,1212585
1939,15,2477691,1247576,1230115
1939,16,2488849,1249988,1238861
1939,17,2482975,1242552,1240423
1939,18,2447033,1219605,1227428
1939,19,2403479,1192387,1211092
1939,20,2356786,1163587,1193199
1939,21,2316287,1139153,1177134
1939,22,2292607,1125415,1167192
1939,23,2282282,1120301,1161981
1939,24,2270901,1115069,1155832
1939,25,2257566,1109025,1148541
1939,26,2238816,1100610,1138206
1939,27,2209819,1087348,1122471
1939,28,2172653,1070179,1102474
1939,29,2134523,1052829,1081694
1939,30,2096113,1035723,1060390
1939,31,2059880,1019452,1040428
1939,32,2028961,1005096,1023865
1939,33,2002319,992304,1010015
1939,34,1975986,979716,996270
1939,35,1949961,967364,982597
1939,36,1922451,954628,967823
1939,37,1891487,940826,950661
1939,38,1858088,926346,931742
1939,39,1823847,911200,912647
1939,40,1789868,896871,892997
1939,41,1760001,884309,875692
1939,42,1740005,876704,863301
1939,43,1727301,872736,854565
1939,44,1714369,868599,845770
1939,45,1700614,863894,836720
1939,46,1681102,856372,824730
1939,47,1650699,843616,807083
1939,48,1610895,826225,784670
1939,49,1569058,807628,761430
1939,50,1526940,788745,738195
1939,51,1480916,767108,713808
1939,52,1429012,741141,687871
1939,53,1372699,711796,660903
1939,54,1314826,681330,633496
1939,55,1255463,649937,605526
1939,56,1199284,619899,579385
1939,57,1150514,593417,557097
1939,58,1107957,569946,538011
1939,59,1065941,546609,519332
1939,60,1023492,522921,500571
1939,61,981752,499715,482037
1939,62,940898,477292,463606
1939,63,900591,455466,445125
1939,64,860846,433989,426857
1939,65,822091,413014,409077
1939,66,781324,391305,390019
1939,67,736053,367807,368246
1939,68,687206,342906,344300
1939,69,638391,318151,320240
1939,70,590314,293914,296400
1939,71,543033,269971,273062
1939,72,497173,246410,250763
1939,73,452961,223426,229535
1939,74,409724,200978,208746
1939,75,2606006,1222718,1383288
1940,0,2025235,1029879,995356
1940,1,2057692,1047079,1010613
1940,2,2219308,1127921,1091387
1940,3,2137535,1080958,1056577
1940,4,2138873,1086826,1052047
1940,5,2106522,1068719,1037803
1940,6,2100480,1065219,1035261
1940,7,2114510,1072537,1041973
1940,8,2143466,1087382,1056084
1940,9,2183319,1107680,1075639
1940,10,2241070,1137169,1103901
1940,11,2298723,1166716,1132007
1940,12,2353015,1193471,1159544
1940,13,2395435,1213238,1182197
1940,14,2426715,1227021,1199694
1940,15,2448196,1234921,1213275
1940,16,2476570,1246725,1229845
1940,17,2491660,1251890,1239770
1940,18,2480070,1242712,1237358
1940,19,2446141,1221319,1224822
1940,20,2407683,1198359,1209324
1940,21,2364954,1172693,1192261
1940,22,2326145,1149484,1176661
1940,23,2301974,1135140,1166834
1940,24,2289605,1128069,1161536
1940,25,2277467,1120776,1156691
1940,26,2260929,1112114,1148815
1940,27,2239393,1101546,1137847
1940,28,2208515,1087234,1121281
1940,29,2169957,1069761,1100196
1940,30,2128372,1051065,1077307
1940,31,2089068,1033794,1055274
1940,32,2052711,1017722,1034989
1940,33,2022480,1003687,1018793
1940,34,1997057,991212,1005845
1940,35,1975136,980626,994510
1940,36,1949822,968501,981321
1940,37,1922654,955806,966848
1940,38,1891509,941773,949736
1940,39,1857554,926898,930656
1940,40,1823210,912568,910642
1940,41,1788406,897202,891204
1940,42,1757727,883982,873745
1940,43,1735689,875157,860532
1940,44,1719959,869509,850450
1940,45,1701919,862678,839241
1940,46,1684634,856110,828524
1940,47,1662540,847189,815351
1940,48,1631640,834082,797558
1940,49,1592999,817160,775839
1940,50,1549138,797066,752072
1940,51,1508129,778565,729564
1940,52,1462569,756953,705616
1940,53,1409733,730239,679494
1940,54,1351317,699497,651820
1940,55,1292752,668143,624609
1940,56,1231634,635591,596043
1940,57,1174016,604628,569388
1940,58,1124213,577571,546642
1940,59,1080883,553772,527111
1940,60,1041845,532289,509556
1940,61,998690,508316,490374
1940,62,956573,484957,471616
1940,63,916269,462728,453541
1940,64,877311,441392,435919
1940,65,838519,420269,418250
1940,66,801110,399885,401225
1940,67,761108,378583,382525
1940,68,715537,355153,360384
1940,69,665506,330022,335484
1940,70,612254,303440,308814
1940,71,563229,279065,284164
1940,72,515356,255100,260256
1940,73,469160,231500,237660
1940,74,424908,208507,216401
1940,75,381099,185615,195484
1940,76,339378,164194,175184
1940,77,300292,144177,156115
1940,78,263718,125532,138186
1940,79,229989,108459,121530
1940,80,201032,94008,107024
1940,81,174420,80819,93601
1940,82,151706,69823,81883
1940,83,133226,61210,72016
1940,84,119309,55181,64128
1940,85,370275,158835,211440
1941,0,2166858,1109311,1057547
1941,1,2082260,1057000,1025260
1941,2,2232740,1133000,1099740
1941,3,2231007,1130896,1100111
1941,4,2136767,1078742,1058025
1941,5,2172236,1106155,1066081
1941,6,2077259,1052108,1025151
1941,7,2069053,1047870,1021183
1941,8,2086545,1058516,1028029
1941,9,2117947,1075143,1042804
1941,10,2201186,1118407,1082779
1941,11,2261364,1148732,1112632
1941,12,2318355,1177744,1140611
1941,13,2370687,1201298,1169389
1941,14,2414581,1220550,1194031
1941,15,2426872,1223607,1203265
1941,16,2439439,1226887,1212552
1941,17,2461490,1235202,1226288
1941,18,2475853,1241648,1234205
1941,19,2463655,1233231,1230424
1941,20,2429716,1215058,1214658
1941,21,2398194,1195779,1202415
1941,22,2359656,1171946,1187710
1941,23,2321684,1147977,1173707
1941,24,2298088,1133510,1164578
1941,25,2295320,1129376,1165944
1941,26,2279029,1120241,1158788
1941,27,2260266,1111010,1149256
1941,28,2237260,1100033,1137227
1941,29,2205642,1085491,1120151
1941,30,2156831,1062165,1094666
1941,31,2116650,1043961,1072689
1941,32,2078727,1026823,1051904
1941,33,2044786,1011868,1032918
1941,34,2016200,998619,1017581
1941,35,2002209,991572,1010637
1941,36,1977193,979456,997737
1941,37,1950120,966899,983221
1941,38,1920916,953559,967357
1941,39,1888269,938941,949328
1941,40,1853375,925480,927895
1941,41,1821509,912038,909471
1941,42,1787306,896520,890786
1941,43,1756818,883032,873786
1941,44,1734357,873786,860571
1941,45,1717046,867292,849754
1941,46,1697571,860006,837565
1941,47,1678541,852702,825839
1941,48,1654870,843053,811817
1941,49,1623007,829445,793562
1941,50,1568909,804003,764906
1941,51,1523449,782551,740898
1941,52,1480907,762894,718013
1941,53,1434188,740419,693769
1941,54,1380888,713332,667556
1941,55,1322947,681518,641429
1941,56,1264708,650435,614273
1941,57,1204243,618367,585876
1941,58,1147325,587906,559419
1941,59,1097534,560973,536561
1941,60,1067457,544631,522826
1941,61,1028621,523107,505514
1941,62,984993,498828,486165
1941,63,941576,474768,466808
1941,64,899735,451723,448012
1941,65,858629,429616,429013
1941,66,819065,408384,410681
1941,67,780071,387461,392610
1941,68,738749,365745,373004
1941,69,692428,342111,350317
1941,70,631858,312153,319705
1941,71,577512,284874,292638
1941,72,528432,260400,268032
1941,73,481695,236977,244718
1941,74,437344,214337,223007
1941,75,395207,191579,203628
1941,76,348803,167880,180923
1941,77,307707,147078,160629
1941,78,270692,128367,142325
1941,79,235879,110901,124978
1941,80,208346,97436,110910
1941,81,181087,83888,97199
1941,82,156374,71723,84651
1941,83,135132,61486,73646
1941,84,117686,53347,64339
1941,85,384985,165250,219735
1942,0,2325004,1191065,1133939
1942,1,2198704,1117633,1081071
1942,2,2261296,1146367,1114929
1942,3,2271410,1152688,1118722
1942,4,2245082,1139681,1105401
1942,5,2149276,1087372,1061904
1942,6,2145282,1090931,1054351
1942,7,2039242,1030132,1009110
1942,8,2028925,1025182,1003743
1942,9,2049676,1039035,1010641
1942,10,2155174,1099586,1055588
1942,11,2226745,1133190,1093555
1942,12,2288680,1164216,1124464
1942,13,2345055,1192717,1152338
1942,14,2395539,1213095,1182444
1942,15,2408479,1207976,1200503
1942,16,2416741,1213645,1203096
1942,17,2422415,1213182,1209233
1942,18,2438410,1218139,1220271
1942,19,2452135,1225883,1226252
1942,20,2448250,1233148,1215102
1942,21,2422754,1217145,1205609
1942,22,2396760,1200833,1195927
1942,23,2362383,1178722,1183661
1942,24,2325335,1153989,1171346
1942,25,2308977,1135845,1173132
1942,26,2296949,1127742,1169207
1942,27,2277664,1117267,1160397
1942,28,2256833,1107507,1149326
1942,29,2232555,1096186,1136369
1942,30,2187504,1077274,1110230
1942,31,2143157,1055596,1087561
1942,32,2103932,1037702,1066230
1942,33,2067585,1020757,1046828
1942,34,2036091,1006868,1029223
1942,35,2022690,999686,1023004
1942,36,2004612,991095,1013517
1942,37,1977025,977572,999453
1942,38,1948300,964588,983712
1942,39,1917114,950594,966520
1942,40,1877565,934874,942691
1942,41,1847385,923138,924247
1942,42,1817538,910391,907147
1942,43,1783919,894691,889228
1942,44,1753609,880916,872693
1942,45,1737691,874287,863404
1942,46,1716975,866773,850202
1942,47,1696246,859027,837219
1942,48,1675360,850908,824452
1942,49,1650057,840491,809566
1942,50,1600449,817982,782467
1942,51,1543708,790257,753451
1942,52,1497168,767802,729366
1942,53,1453105,746982,706123
1942,54,1405257,723675,681582
1942,55,1348512,693048,655464
1942,56,1291844,662268,629576
1942,57,1233745,631311,602434
1942,58,1174000,599776,574224
1942,59,1117877,569857,548020
1942,60,1084637,551984,532653
1942,61,1055074,535665,519409
1942,62,1015934,513883,502051
1942,63,971728,489255,482473
1942,64,926946,464470,462476
1942,65,883894,441009,442885
1942,66,841299,418683,422616
1942,67,800873,397198,403675
1942,68,760154,375670,384484
1942,69,717359,353469,363890
1942,70,659578,325070,334508
1942,71,597503,293985,303518
1942,72,542508,266326,276182
1942,73,493565,241871,251694
1942,74,448034,219033,229001
1942,75,406344,196676,209668
1942,76,366171,175365,190806
1942,77,318218,151331,166887
1942,78,277964,131242,146722
1942,79,243004,113814,129190
1942,80,213710,99502,114208
1942,81,188671,87210,101461
1942,82,162680,74430,88250
1942,83,139760,63244,76516
1942,84,119949,53772,66177
1942,85,402246,172287,229959
1943,0,2692725,1379259,1313466
1943,1,2371411,1207195,1164216
1943,2,2388589,1211805,1176784
1943,3,2297887,1164397,1133490
1943,4,2265745,1151098,1114647
1943,5,2212045,1121478,1090567
1943,6,2115201,1067372,1047829
1943,7,2112215,1071335,1040880
1943,8,2005936,1009125,996811
1943,9,1993445,1003426,990019
1943,10,2107267,1076736,1030531
1943,11,2188240,1121688,1066552
1943,12,2260275,1154342,1105933
1943,13,2324096,1186171,1137925
1943,14,2379939,1214241,1165698
1943,15,2393695,1204454,1189241
1943,16,2391050,1192840,1198210
1943,17,2402539,1203153,1199386
1943,18,2401595,1199099,1202496
1943,19,2411694,1200796,1210898
1943,20,2430035,1221893,1208142
1943,21,2444059,1237361,1206698
1943,22,2420307,1220594,1199713
1943,23,2400010,1207355,1192655
1943,24,2369981,1187081,1182900
1943,25,2349507,1165292,1184215
1943,26,2318735,1141992,1176743
1943,27,2303068,1132572,1170496
1943,28,2280889,1120735,1160154
1943,29,2258112,1110407,1147705
1943,30,2214556,1091923,1122633
1943,31,2177085,1075173,1101912
1943,32,2134629,1054041,1080588
1943,33,2096416,1036432,1059984
1943,34,2061587,1019575,1042012
1943,35,2046604,1010985,1035619
1943,36,2028151,1001962,1026189
1943,37,2008094,992489,1015605
1943,38,1977974,977545,1000429
1943,39,1947593,964088,983505
1943,40,1905258,947425,957833
1943,41,1871667,933990,937677
1943,42,1843370,922747,920623
1943,43,1815410,910601,904809
1943,44,1782250,894628,887622
1943,45,1761370,883945,877425
1943,46,1740563,875635,864928
1943,47,1717580,867161,850419
1943,48,1695500,858867,836633
1943,49,1672717,849885,822832
1943,50,1628248,830185,798063
1943,51,1573515,803588,769927
1943,52,1516728,775395,741333
1943,53,1469118,751930,717188
1943,54,1423621,730023,693598
1943,55,1370738,702128,668610
1943,56,1315647,673051,642596
1943,57,1259377,642663,616714
1943,58,1201443,611851,589592
1943,59,1142446,580838,561608
1943,60,1103475,560257,543218
1943,61,1074176,543905,530271
1943,62,1042807,526554,516253
1943,63,1003258,504467,498791
1943,64,958399,479448,478951
1943,65,912138,453919,458219
1943,66,865398,429509,435889
1943,67,821548,406685,414863
1943,68,780239,384945,395294
1943,69,737826,362839,374987
1943,70,682583,335630,346953
1943,71,620868,304742,316126
1943,72,559747,274072,285675
1943,73,504695,246376,258319
1943,74,456364,222212,234152
1943,75,413700,199684,214016
1943,76,374923,179234,195689
1943,77,337082,159457,177625
1943,78,288282,135427,152855
1943,79,249215,116215,133000
1943,80,218364,101227,117137
1943,81,192354,88421,103933
1943,82,168431,76789,91642
1943,83,143972,64905,79067
1943,84,123002,54782,68220
1943,85,416960,177999,238961
1944,0,2515859,1287770,1228089
1944,1,2724581,1389074,1335507
1944,2,2573419,1306926,1266493
1944,3,2416020,1225033,1190987
1944,4,2293935,1164754,1129181
1944,5,2222993,1129674,1093319
1944,6,2195216,1114678,1080538
1944,7,2100096,1061353,1038743
1944,8,2095447,1064311,1031136
1944,9,2008232,1016760,991472
1944,10,2062006,1043028,1018978
1944,11,2109962,1071823,1038139
1944,12,2190510,1115889,1074621
1944,13,2261990,1146691,1115299
1944,14,2326690,1178418,1148272
1944,15,2376060,1206266,1169794
1944,16,2387381,1203530,1183851
1944,17,2383596,1191578,1192018
1944,18,2398635,1206774,1191861
1944,19,2391184,1199169,1192015
1944,20,2386866,1193405,1193461
1944,21,2419316,1215646,1203670
1944,22,2437959,1232953,1205006
1944,23,2416175,1215614,1200561
1944,24,2401925,1205748,1196177
1944,25,2399008,1199540,1199468
1944,26,2360761,1173882,1186879
1944,27,2325753,1149305,1176448
1944,28,2306564,1138566,1167998
1944,29,2281664,1125371,1156293
1944,30,2237658,1106782,1130876
1944,31,2205201,1091116,1114085
1944,32,2170932,1075279,1095653
1944,33,2130411,1054709,1075702
1944,34,2093144,1037322,1055822
1944,35,2074373,1024931,1049442
1944,36,2054639,1015126,1039513
1944,37,2034609,1005542,1029067
1944,38,2012539,995147,1017392
1944,39,1979819,978716,1001103
1944,40,1935379,960493,974886
1944,41,1897284,945019,952265
1944,42,1865135,931900,933235
1944,43,1838562,921095,917467
1944,44,1812377,909509,902868
1944,45,1789572,897395,892177
1944,46,1763704,885301,878403
1944,47,1740255,875760,864495
1944,48,1714974,866265,848709
1944,49,1691549,857397,834152
1944,50,1650563,839722,810841
1944,51,1599007,814387,784620
1944,52,1544016,787171,756845
1944,53,1487193,758519,728674
1944,54,1438636,734168,704468
1944,55,1389876,708732,681144
1944,56,1338704,682862,655842
1944,57,1284000,654242,629758
1944,58,1228022,624181,603841
1944,59,1170184,593446,576738
1944,60,1126025,570624,555401
1944,61,1094925,553230,541695
1944,62,1064449,536094,528355
1944,63,1031183,517671,513512
1944,64,991120,495212,495908
1944,65,944294,469022,475272
1944,66,891344,441340,450004
1944,67,842549,416096,426453
1944,68,797542,392832,404710
1944,69,755432,370887,384545
1944,70,701525,344243,357282
1944,71,639873,313350,326523
1944,72,579248,282954,296294
1944,73,519526,252959,266567
1944,74,465006,225558,239448
1944,75,419783,201981,217802
1944,76,381690,182161,199529
1944,77,344797,162992,181805
1944,78,309167,144648,164519
1944,79,260065,120849,139216
1944,80,223119,103220,119899
1944,81,196055,89903,106152
1944,82,171428,77874,93554
1944,83,148768,66946,81822
1944,84,125987,55998,69989
1944,85,430325,183312,247013
1945,0,2463569,1261331,1202238
1945,1,2580905,1315525,1265380
1945,2,2922095,1485475,1436620
1945,3,2592601,1316192,1276409
1945,4,2419641,1230340,1189301
1945,5,2244654,1139855,1104799
1945,6,2212753,1124692,1088061
1945,7,2186637,1110528,1076109
1945,8,2089735,1056230,1033505
1945,9,2088357,1061161,1027196
1945,10,2102685,1071335,1031350
1945,11,2077834,1054409,1023425
1945,12,2121420,1079979,1041441
1945,13,2201871,1123651,1078220
1945,14,2272984,1152971,1120013
1945,15,2307980,1160214,1147766
1945,16,2328526,1167754,1160772
1945,17,2341163,1166976,1174187
1945,18,2336638,1155052,1181586
1945,19,2354584,1174437,1180147
1945,20,2354270,1177855,1176415
1945,21,2387255,1193801,1193454
1945,22,2422464,1216218,1206246
1945,23,2445961,1235539,1210422
1945,24,2426252,1217703,1208549
1945,25,2430959,1215581,1215378
1945,26,2398786,1197161,1201625
1945,27,2355916,1169900,1186016
1945,28,2316982,1144263,1172719
1945,29,2294458,1132268,1162190
1945,30,2247258,1109111,1138147
1945,31,2218748,1095113,1123635
1945,32,2190296,1080756,1109540
1945,33,2159395,1066013,1093382
1945,34,2120909,1046156,1074753
1945,35,2104441,1038736,1065705
1945,36,2084507,1029302,1055205
1945,37,2063793,1019428,1044365
1945,38,2042126,1009251,1032875
1945,39,2017937,997869,1020068
1945,40,1968557,974454,994103
1945,41,1926211,956453,969758
1945,42,1888708,940946,947762
1945,43,1857799,928096,929703
1945,44,1832763,917678,915085
1945,45,1817339,910867,906472
1945,46,1789432,897336,892096
1945,47,1761127,884120,877007
1945,48,1735030,873313,861717
1945,49,1707506,862795,844711
1945,50,1669385,847052,822333
1945,51,1621565,823632,797933
1945,52,1569608,797610,771998
1945,53,1514276,769746,744530
1945,54,1457458,740737,716721
1945,55,1409418,715016,694402
1945,56,1363387,692502,670885
1945,57,1311958,666763,645195
1945,58,1257363,638444,618919
1945,59,1201411,608532,592879
1945,60,1154747,584099,570648
1945,61,1121025,565479,555546
1945,62,1089202,547468,541734
1945,63,1057388,529465,527923
1945,64,1022098,509889,512209
1945,65,979140,485519,493621
1945,66,923398,456159,467239
1945,67,868148,427561,440587
1945,68,817345,401529,415816
1945,69,771217,377866,393351
1945,70,720954,352830,368124
1945,71,659821,322187,337634
1945,72,598829,291659,307170
1945,73,539298,261808,277490
1945,74,481011,232555,248456
1945,75,430285,206298,223987
1945,76,391918,186475,205443
1945,77,355003,167563,187440
1945,78,319547,149428,170119
1945,79,285674,132267,153407
1945,80,237366,109541,127825
1945,81,202174,92570,109604
1945,82,176558,80045,96513
1945,83,153106,68680,84426
1945,84,131586,58393,73193
1945,85,451681,191517,260164
1946,0,2401211,1227476,1173735
1946,1,2541726,1296822,1244904
1946,2,2748274,1395178,1353096
1946,3,2954919,1501683,1453236
1946,4,2597793,1322867,1274926
1946,5,2362293,1200109,1162184
1946,6,2243741,1138986,1104755
1946,7,2213616,1124733,1088883
1946,8,2184746,1109064,1075682
1946,9,2091817,1057184,1034633
1946,10,2160697,1102542,1058155
1946,11,2131296,1089241,1042055
1946,12,2098889,1069128,1029761
1946,13,2138151,1091487,1046664
1946,14,2218667,1134853,1083814
1946,15,2258532,1137453,1121079
1946,16,2263381,1126775,1136606
1946,17,2277948,1129529,1148419
1946,18,2291901,1130707,1161194
1946,19,2286677,1118841,1167836
1946,20,2327077,1158736,1168341
1946,21,2365278,1181283,1183995
1946,22,2402338,1199560,1202778
1946,23,2440529,1222229,1218300
1946,24,2469090,1243701,1225389
1946,25,2453530,1221412,1232118
1946,26,2421315,1202858,1218457
1946,27,2384695,1182501,1202194
1946,28,2337710,1154109,1183601
1946,29,2295259,1127743,1167516
1946,30,2256960,1112779,1144181
1946,31,2238474,1104282,1134192
1946,32,2214200,1091832,1122368
1946,33,2189649,1078711,1110938
1946,34,2161885,1064905,1096980
1946,35,2140581,1051413,1089168
1946,36,2112115,1040003,1072112
1946,37,2090911,1030494,1060417
1946,38,2069196,1020544,1048652
1946,39,2045819,1009723,1036096
1946,40,2007292,994020,1013272
1946,41,1958930,971655,987275
1946,42,1917372,953832,963540
1946,43,1880246,938193,942053
1946,44,1850355,925506,924849
1946,45,1831507,916770,914737
1946,46,1809678,906441,903237
1946,47,1779521,891744,887777
1946,48,1748874,877436,871438
1946,49,1720258,865404,854854
1946,50,1680399,849246,831153
1946,51,1638326,829632,808694
1946,52,1590526,805794,784732
1946,53,1538123,779061,759062
1946,54,1482580,750702,731878
1946,55,1429278,722215,707063
1946,56,1385649,700688,684961
1946,57,1338883,677984,660899
1946,58,1287077,652296,634781
1946,59,1232443,624150,608293
1946,60,1184138,598934,585204
1946,61,1147117,577759,569358
1946,62,1112601,558459,554142
1946,63,1080073,539845,540228
1946,64,1046984,520990,525994
1946,65,1006869,498335,508534
1946,66,952025,469511,482514
1946,67,894929,439688,455241
1946,68,837744,410379,427365
1946,69,785327,383782,401545
1946,70,733015,357883,375132
1946,71,678958,330554,348404
1946,72,618502,300311,318191
1946,73,558285,270225,288060
1946,74,499995,241017,258978
1946,75,446262,213458,232804
1946,76,405263,192262,213001
1946,77,367324,172941,194383
1946,78,331365,154812,176553
1946,79,297125,137580,159545
1946,80,266323,122493,143830
1946,81,212110,96886,115224
1946,82,178620,80869,97751
1946,83,154842,69323,85519
1946,84,133035,58849,74186
1946,85,469532,197781,271751
1947,0,3452304,1767141,1685163
1947,1,2496515,1272932,1223583
1947,2,2695485,1369068,1326417
1947,3,2800738,1421613,1379125
1947,4,2960693,1509434,1451259
1947,5,2531834,1287939,1243895
1947,6,2365076,1201732,1163344
1947,7,2248431,1141544,1106887
1947,8,2214936,1125432,1089504
1947,9,2190853,1112670,1078183
1947,10,2160278,1096823,1063455
1947,11,2159237,1103705,1055532
1947,12,2143975,1093590,1050385
1947,13,2104091,1070398,1033693
1947,14,2138538,1089135,1049403
1947,15,2211141,1127484,1083657
1947,16,2261286,1147897,1113389
1947,17,2267345,1138804,1128541
1947,18,2276399,1137171,1139228
1947,19,2291909,1140463,1151446
1947,20,2285142,1124666,1160476
1947,21,2324104,1145473,1178631
1947,22,2360731,1165448,1195283
1947,23,2401690,1185774,1215916
1947,24,2442687,1208430,1234257
1947,25,2483725,1235034,1248691
1947,26,2448449,1213787,1234662
1947,27,2413397,1194849,1218548
1947,28,2372286,1172514,1199772
1947,29,2321150,1142911,1178239
1947,30,2265564,1114396,1151168
1947,31,2257716,1112717,1144999
1947,32,2244971,1106957,1138014
1947,33,2224760,1095942,1128818
1947,34,2203857,1083880,1119977
1947,35,2192389,1076143,1116246
1947,36,2158369,1060488,1097881
1947,37,2124922,1046763,1078159
1947,38,2102332,1037106,1065226
1947,39,2079473,1026974,1052499
1947,40,2041998,1011251,1030747
1947,41,1996154,990933,1005221
1947,42,1948218,968371,979847
1947,43,1907212,950633,956579
1947,44,1870240,934762,935478
1947,45,1843392,922327,921065
1947,46,1818398,910030,908368
1947,47,1795102,898724,896378
1947,48,1762738,882868,879870
1947,49,1729845,867493,862352
1947,50,1692642,851433,841209
1947,51,1650150,832145,818005
1947,52,1609055,812700,796355
1947,53,1561080,788331,772749
1947,54,1508265,760996,747269
1947,55,1456358,733470,722888
1947,56,1411558,711588,699970
1947,57,1366869,689644,677225
1947,58,1319167,666634,652533
1947,59,1266735,640818,625917
1947,60,1216288,615606,600682
1947,61,1177676,593328,584348
1947,62,1138912,570845,568067
1947,63,1103536,550846,552690
1947,64,1070273,531592,538681
1947,65,1034139,510337,523802
1947,66,976989,480713,496276
1947,67,921066,451576,469490
1947,68,862752,421385,441367
1947,69,803908,391540,412368
1947,70,746032,363039,382993
1947,71,692160,335847,356313
1947,72,639320,309163,330157
1947,73,579458,279318,300140
1947,74,520019,249721,270298
1947,75,465441,222026,243415
1947,76,421680,199739,221941
1947,77,380611,178790,201821
1947,78,343142,159989,183153
1947,79,308131,142616,165515
1947,80,276510,127127,149383
1947,81,241853,110007,131846
1947,82,188433,85072,103361
1947,83,156728,70042,86686
1947,84,134778,59469,75309
1947,85,492282,205781,286501
1948,0,3169318,1622336,1546982
1948,1,3514716,1795136,1719580
1948,2,2680284,1359864,1320420
1948,3,2759307,1401297,1358010
1948,4,2795306,1424228,1371078
1948,5,2885424,1469383,1416041
1948,6,2539920,1291849,1248071
1948,7,2375063,1206605,1168458
1948,8,2253977,1144003,1109974
1948,9,2225928,1131221,1094707
1948,10,2256007,1151048,1104959
1948,11,2155505,1094383,1061122
1948,12,2152157,1098160,1053997
1948,13,2146282,1091974,1054308
1948,14,2098916,1065727,1033189
1948,15,2119785,1073340,1046445
1948,16,2188582,1110025,1078557
1948,17,2248389,1137613,1110776
1948,18,2255787,1130167,1125620
1948,19,2259307,1124056,1135251
1948,20,2285900,1136351,1149549
1948,21,2319466,1146391,1173075
1948,22,2357125,1165079,1192046
1948,23,2392841,1183062,1209779
1948,24,2438485,1206138,1232347
1948,25,2482261,1226459,1255802
1948,26,2475886,1223964,1251922
1948,27,2439451,1203563,1235888
1948,28,2401518,1184262,1217256
1948,29,2355928,1159978,1195950
1948,30,2294302,1128073,1166229
1948,31,2271774,1116998,1154776
1948,32,2267910,1116414,1151496
1948,33,2260742,1113294,1147448
1948,34,2244367,1103584,1140783
1948,35,2236444,1096285,1140159
1948,36,2212893,1086166,1126727
1948,37,2174615,1069044,1105571
1948,38,2136018,1052940,1083078
1948,39,2111912,1043067,1068845
1948,40,2078552,1029493,1049059
1948,41,2029377,1007516,1021861
1948,42,1983367,986351,997016
1948,43,1935626,963512,972114
1948,44,1894965,945768,949197
1948,45,1858794,929296,929498
1948,46,1825025,912579,912446
1948,47,1798981,899653,899328
1948,48,1774208,887369,886839
1948,49,1739720,870393,869327
1948,50,1702025,852825,849200
1948,51,1665894,835848,830046
1948,52,1623728,816441,807287
1948,53,1583310,797000,786310
1948,54,1535143,772198,762945
1948,55,1484755,745341,739414
1948,56,1442446,724913,717533
1948,57,1396999,702809,694190
1948,58,1351115,680382,670733
1948,59,1302307,656951,645356
1948,60,1250876,632295,618581
1948,61,1208191,609100,599091
1948,62,1168070,585679,582391
1948,63,1127595,561945,565650
1948,64,1091411,541263,550148
1948,65,1056568,520363,536205
1948,66,1003249,491537,511712
1948,67,943896,461142,482754
1948,68,886928,431746,455182
1948,69,827581,401346,426235
1948,70,764571,370164,394407
1948,71,703972,340093,363879
1948,72,651311,313521,337790
1948,73,599664,287510,312154
1948,74,540619,258221,282398
1948,75,483946,229914,254032
1948,76,439022,207317,231705
1948,77,395622,185486,210136
1948,78,354768,164955,189813
1948,79,317994,146787,171207
1948,80,284995,130786,154209
1948,81,249961,113520,136441
1948,82,216689,97258,119431
1948,83,164938,73408,91530
1948,84,135380,59543,75837
1948,85,517350,214620,302730
1949,0,3169644,1619499,1550145
1949,1,3269273,1671192,1598081
1949,2,3706727,1884808,1821919
1949,3,2710023,1374748,1335275
1949,4,2751429,1403439,1347990
1949,5,2727530,1387787,1339743
1949,6,2889816,1471481,1418335
1949,7,2546627,1295147,1251480
1949,8,2376632,1207108,1169524
1949,9,2261929,1148402,1113527
1949,10,2280422,1163486,1116936
1949,11,2250172,1146897,1103275
1949,12,2151902,1091467,1060435
1949,13,2148710,1095301,1053409
1949,14,2136172,1082610,1053562
1949,15,2082363,1053247,1029116
1949,16,2106021,1064815,1041206
1949,17,2178016,1102234,1075782
1949,18,2247525,1136987,1110538
1949,19,2256122,1131021,1125101
1949,20,2257371,1122125,1135246
1949,21,2305216,1142431,1162785
1949,22,2343412,1156669,1186743
1949,23,2379639,1173045,1206594
1949,24,2414353,1188898,1225455
1949,25,2464955,1214264,1250691
1949,26,2483764,1221624,1262140
1949,27,2473549,1216436,1257113
1949,28,2435782,1196821,1238961
1949,29,2394819,1177088,1217731
1949,30,2341457,1149992,1191465
1949,31,2298548,1128994,1169554
1949,32,2279142,1119329,1159813
1949,33,2279116,1119771,1159345
1949,34,2277263,1119129,1158134
1949,35,2269282,1112707,1156575
1949,36,2260055,1108762,1151293
1949,37,2232742,1097081,1135661
1949,38,2189973,1078400,1111573
1949,39,2145958,1059769,1086189
1949,40,2115385,1047816,1067569
1949,41,2064907,1025670,1039237
1949,42,2016513,1003536,1012977
1949,43,1970113,981444,988669
1949,44,1922326,958208,964118
1949,45,1882292,940272,942020
1949,46,1838111,918578,919533
1949,47,1803349,901329,902020
1949,48,1776211,887745,888466
1949,49,1749947,874468,875479
1949,50,1712727,856090,856637
1949,51,1682690,841116,841574
1949,52,1646371,823806,822565
1949,53,1604143,804048,800095
1949,54,1564272,784648,779624
1949,55,1516941,759773,757168
1949,56,1475948,739838,736110
1949,57,1432120,718631,713489
1949,58,1385852,696208,689644
1949,59,1338570,673157,665413
1949,60,1288833,649619,639214
1949,61,1241151,625661,615490
1949,62,1197006,601406,595600
1949,63,1155375,576854,578521
1949,64,1113252,551866,561386
1949,65,1076033,530061,545972
1949,66,1028685,502744,525941
1949,67,973497,473294,500203
1949,68,911770,442076,469694
1949,69,853694,412434,441260
1949,70,792016,381411,410605
1949,71,722681,347602,375079
1949,72,662917,317989,344928
1949,73,611363,291978,319385
1949,74,560892,266628,294264
1949,75,503685,238281,265404
1949,76,456761,214902,241859
1949,77,411848,192563,219285
1949,78,368991,171294,197697
1949,79,328591,151295,177296
1949,80,293069,134049,159020
1949,81,257090,116431,140659
1949,82,223357,100015,123342
1949,83,191755,84743,107012
1949,84,142408,62313,80095
1949,85,549171,226534,322637
1950,0,3162567,1610341,1552226
1950,1,3299863,1686351,1613512
1950,2,3450042,1754498,1695544
1950,3,3771883,1919107,1852776
1950,4,2725600,1391679,1333921
1950,5,2714560,1382477,1332083
1950,6,2755636,1401978,1353658
1950,7,2932959,1499744,1433215
1950,8,2569056,1306316,1262740
1950,9,2402326,1220275,1182051
1950,10,2325360,1184464,1140896
1950,11,2292510,1168718,1123792
1950,12,2265018,1153672,1111346
1950,13,2166039,1097841,1068198
1950,14,2163732,1101978,1061754
1950,15,2132602,1075995,1056607
1950,16,2055407,1036231,1019176
1950,17,2091956,1054332,1037624
1950,18,2164344,1090240,1074104
1950,19,2231096,1124518,1106578
1950,20,2258243,1128444,1129799
1950,21,2293186,1140969,1152217
1950,22,2324914,1151428,1173486
1950,23,2391008,1182886,1208122
1950,24,2413041,1190651,1222390
1950,25,2437842,1200200,1237642
1950,26,2494150,1225572,1268578
1950,27,2515690,1235509,1280181
1950,28,2455939,1203248,1252691
1950,29,2457975,1206085,1251890
1950,30,2416372,1186220,1230152
1950,31,2350474,1154989,1195485
1950,32,2296579,1126484,1170095
1950,33,2305591,1132312,1173279
1950,34,2305161,1132542,1172619
1950,35,2296670,1128026,1168644
1950,36,2302269,1131319,1170950
1950,37,2286825,1124573,1162252
1950,38,2257573,1112142,1145431
1950,39,2203312,1088834,1114478
1950,40,2146026,1062922,1083104
1950,41,2108459,1048283,1060176
1950,42,2061284,1026924,1034360
1950,43,2010872,1003072,1007800
1950,44,1963179,979327,983852
1950,45,1920595,958232,962363
1950,46,1861858,929587,932271
1950,47,1823655,910998,912657
1950,48,1792824,896270,896554
1950,49,1743067,870660,872407
1950,50,1730428,863972,866456
1950,51,1705308,850731,854577
1950,52,1668072,832246,835826
1950,53,1623091,810278,812813
1950,54,1584046,791911,792135
1950,55,1544901,773102,771799
1950,56,1499706,751306,748400
1950,57,1456723,730445,726278
1950,58,1419461,712369,707092
1950,59,1372293,689227,683066
1950,60,1308533,657759,650774
1950,61,1261628,634954,626674
1950,62,1219039,612700,606339
1950,63,1176591,588345,588246
1950,64,1137232,564192,573040
1950,65,1102643,542146,560497
1950,66,1068359,519906,548453
1950,67,1025449,495147,530302
1950,68,959546,461084,498462
1950,69,892792,428559,464233
1950,70,820399,393060,427339
1950,71,748822,358381,390441
1950,72,678081,324064,354017
1950,73,624363,297200,327163
1950,74,572323,270943,301380
1950,75,526042,247856,278186
1950,76,475302,222753,252549
1950,77,427724,199294,228430
1950,78,384529,177961,206568
1950,79,341701,156937,184764
1950,80,301331,137185,164146
1950,81,264897,119438,145459
1950,82,228777,101931,126846
1950,83,197083,86686,110397
1950,84,167401,72450,94951
1950,85,589612,243031,346581
1951,0,3315027,1684949,1630078
1951,1,3306360,1690292,1616068
1951,2,3458209,1756869,1701340
1951,3,3495214,1777711,1717503
1951,4,3758637,1921043,1837594
1951,5,2673394,1360232,1313162
1951,6,2720557,1385225,1335332
1951,7,2777810,1418529,1359281
1951,8,2919475,1486158,1433317
1951,9,2576394,1310725,1265669
1951,10,2447996,1247365,1200631
1951,11,2324584,1183246,1141338
1951,12,2294245,1168930,1125315
1951,13,2263382,1151965,1111417
1951,14,2169776,1098835,1070941
1951,15,2110824,1063792,1047032
1951,16,2155565,1087809,1067756
1951,17,2062072,1040779,1021293
1951,18,2085366,1048971,1036395
1951,19,2143533,1075762,1067771
1951,20,2226752,1117969,1108783
1951,21,2285116,1143437,1141679
1951,22,2258475,1119371,1139104
1951,23,2384385,1184287,1200098
1951,24,2397456,1187607,1209849
1951,25,2382044,1175726,1206318
1951,26,2485281,1223698,1261583
1951,27,2550054,1257263,1292791
1951,28,2388417,1168375,1220042
1951,29,2489071,1221751,1267320
1951,30,2501511,1227377,1274134
1951,31,2406926,1184957,1221969
1951,32,2296222,1123390,1172832
1951,33,2346510,1152124,1194386
1951,34,2343344,1153914,1189430
1951,35,2301006,1130960,1170046
1951,36,2318955,1140525,1178430
1951,37,2308762,1135920,1172842
1951,38,2294968,1129561,1165407
1951,39,2238493,1106017,1132476
1951,40,2152206,1063770,1088436
1951,41,2137402,1061305,1076097
1951,42,2107882,1048557,1059325
1951,43,2053470,1022423,1031047
1951,44,2000532,995596,1004936
1951,45,1973176,981215,991961
1951,46,1896650,944258,952392
1951,47,1865352,929860,935492
1951,48,1846607,923472,923135
1951,49,1731205,864301,866904
1951,50,1739683,867856,871827
1951,51,1736590,865284,871306
1951,52,1685405,840135,845270
1951,53,1616865,805759,811106
1951,54,1585288,790477,794811
1951,55,1562796,779493,783303
1951,56,1513994,755898,758096
1951,57,1473791,736134,737657
1951,58,1466950,732750,734200
1951,59,1431170,714895,716275
1951,60,1327936,663697,664239
1951,61,1283071,641809,641262
1951,62,1259031,628881,630150
1951,63,1210922,602695,608227
1951,64,1155186,572049,583137
1951,65,1122337,551141,571196
1951,66,1094587,531749,562838
1951,67,1061328,511912,549416
1951,68,984827,471755,513072
1951,69,925655,442597,483058
1951,70,849494,405108,444386
1951,71,776796,370082,406714
1951,72,694919,331014,363905
1951,73,644857,305866,338991
1951,74,586650,276559,310091
1951,75,547875,257235,290640
1951,76,495619,231422,264197
1951,77,443320,205721,237599
1951,78,401306,184773,216533
1951,79,355965,162429,193536
1951,80,310899,140301,170598
1951,81,274292,122450,151842
1951,82,233122,102536,130586
1951,83,200470,86975,113495
1951,84,170539,72652,97887
1951,85,627704,261001,366703
1952,0,3429237,1745913,1683324
1952,1,3450008,1759790,1690218
1952,2,3447304,1753093,1694211
1952,3,3497803,1777002,1720801
1952,4,3487906,1781563,1706343
1952,5,3697873,1884204,1813669
1952,6,2678521,1362308,1316213
1952,7,2743435,1401399,1342036
1952,8,2764331,1406117,1358214
1952,9,2926644,1490590,1436054
1952,10,2623103,1337997,1285106
1952,11,2448869,1246907,1201962
1952,12,2327720,1184174,1143546
1952,13,2290686,1166052,1124634
1952,14,2271955,1155347,1116608
1952,15,2121429,1064170,1057259
1952,16,2128050,1072433,1055617
1952,17,2163113,1092240,1070873
1952,18,2058190,1036937,1021253
1952,19,2064397,1034521,1029876
1952,20,2140294,1069025,1071269
1952,21,2252033,1130597,1121436
1952,22,2254917,1123459,1131458
1952,23,2313831,1149133,1164698
1952,24,2389011,1186056,1202955
1952,25,2368562,1171752,1196810
1952,26,2430840,1198808,1232032
1952,27,2539590,1253323,1286267
1952,28,2433957,1194612,1239345
1952,29,2414400,1181464,1232936
1952,30,2530686,1241836,1288850
1952,31,2498967,1229446,1269521
1952,32,2356367,1155026,1201341
1952,33,2345235,1148192,1197043
1952,34,2383137,1172685,1210452
1952,35,2336914,1150886,1186028
1952,36,2322823,1142760,1180063
1952,37,2329787,1147138,1182649
1952,38,2306547,1135203,1171344
1952,39,2276059,1123125,1152934
1952,40,2196027,1084982,1111045
1952,41,2145206,1062761,1082445
1952,42,2131833,1058584,1073249
1952,43,2101458,1044559,1056899
1952,44,2046150,1016731,1029419
1952,45,2008515,996729,1011786
1952,46,1951101,968436,982665
1952,47,1899084,944174,954910
1952,48,1886424,941242,945182
1952,49,1788803,893545,895258
1952,50,1723153,859151,864002
1952,51,1741462,867131,874331
1952,52,1716856,854858,861998
1952,53,1637802,815505,822297
1952,54,1581823,787233,794590
1952,55,1566919,779304,787615
1952,56,1534245,763224,771021
1952,57,1490847,741837,749010
1952,58,1484062,738322,745740
1952,59,1470910,731043,739867
1952,60,1385931,688670,697261
1952,61,1302807,647593,655214
1952,62,1277776,634236,643540
1952,63,1247344,617044,630300
1952,64,1188280,585799,602481
1952,65,1139636,558728,580908
1952,66,1112306,539903,572403
1952,67,1084556,522241,562315
1952,68,1021860,489042,532818
1952,69,952558,453961,498597
1952,70,881190,418467,462723
1952,71,804974,381562,423412
1952,72,724682,343513,381169
1952,73,661775,312840,348935
1952,74,606084,284777,321307
1952,75,559772,261673,298099
1952,76,516011,240090,275921
1952,77,463196,214207,248989
1952,78,414946,190170,224776
1952,79,371448,168544,202904
1952,80,323884,145125,178759
1952,81,282444,124878,157566
1952,82,240744,104772,135972
1952,83,203506,87081,116425
1952,84,172672,72513,100159
1952,85,665147,278127,387020
1953,0,3546301,1804555,1741746
1953,1,3548477,1811834,1736643
1953,2,3574323,1814632,1759691
1953,3,3477405,1768222,1709183
1953,4,3491830,1781037,1710793
1953,5,3439101,1751606,1687495
1953,6,3699058,1883949,1815109
1953,7,2699180,1376699,1322481
1953,8,2726494,1388107,1338387
1953,9,2768580,1409078,1359502
1953,10,2974006,1517918,1456088
1953,11,2623543,1337257,1286286
1953,12,2451326,1247516,1203810
1953,13,2320100,1179063,1141037
1953,14,2302026,1170784,1131242
1953,15,2223638,1121264,1102374
1953,16,2131213,1068939,1062274
1953,17,2134566,1075931,1058635
1953,18,2159585,1088845,1070740
1953,19,2034765,1021444,1013321
1953,20,2059911,1026919,1032992
1953,21,2160664,1078197,1082467
1953,22,2223594,1111858,1111736
1953,23,2304737,1150886,1153851
1953,24,2313239,1147713,1165526
1953,25,2358201,1168708,1189493
1953,26,2414901,1193850,1221051
1953,27,2477356,1224554,1252802
1953,28,2432040,1195255,1236785
1953,29,2449315,1201610,1247705
1953,30,2447966,1197829,1250137
1953,31,2531563,1245759,1285804
1953,32,2448242,1199492,1248750
1953,33,2402883,1178450,1224433
1953,34,2377540,1166139,1211401
1953,35,2371899,1167009,1204890
1953,36,2356096,1160910,1195186
1953,37,2335651,1150159,1185492
1953,38,2314771,1139401,1175370
1953,39,2285831,1127315,1158516
1953,40,2240392,1105114,1135278
1953,41,2188562,1083476,1105086
1953,42,2132547,1055886,1076661
1953,43,2124780,1053969,1070811
1953,44,2095250,1039591,1055659
1953,45,2050027,1015948,1034079
1953,46,1986586,984149,1002437
1953,47,1950647,966950,983697
1953,48,1916269,953290,962979
1953,49,1831607,912864,918743
1953,50,1774906,885314,889592
1953,51,1719360,855625,863735
1953,52,1721237,856353,864884
1953,53,1672117,831596,840521
1953,54,1604742,797806,806936
1953,55,1565919,777087,788832
1953,56,1540543,763929,776614
1953,57,1513668,750295,763373
1953,58,1500969,743941,757028
1953,59,1479280,731988,747292
1953,60,1424970,704209,720761
1953,61,1360993,672286,688707
1953,62,1294512,638275,656237
1953,63,1262015,620253,641762
1953,64,1223318,599409,623909
1953,65,1172152,572211,599941
1953,66,1127640,546711,580929
1953,67,1099179,528945,570234
1953,68,1046629,500185,546444
1953,69,991651,472252,519399
1953,70,906930,429225,477705
1953,71,835573,394352,441221
1953,72,754659,355837,398822
1953,73,691543,325378,366165
1953,74,621918,291324,330594
1953,75,576873,268812,308061
1953,76,526573,243876,282697
1953,77,483490,222875,260615
1953,78,433207,197803,235404
1953,79,384086,173378,210708
1953,80,338508,150762,187746
1953,81,294477,129240,165237
1953,82,247375,106571,140804
1953,83,209833,88845,120988
1953,84,174145,72070,102075
1953,85,700618,293362,407256
1954,0,3670654,1866924,1803730
1954,1,3653661,1863552,1790109
1954,2,3656495,1859470,1797025
1954,3,3599983,1827350,1772633
1954,4,3476664,1774315,1702349
1954,5,3453939,1757127,1696812
1954,6,3439355,1750731,1688624
1954,7,3727076,1902883,1824193
1954,8,2681218,1363750,1317468
1954,9,2730119,1390775,1339344
1954,10,2811166,1433130,1378036
1954,11,2975880,1517719,1458161
1954,12,2627071,1338342,1288729
1954,13,2440657,1240525,1200132
1954,14,2335904,1185917,1149987
1954,15,2257092,1139473,1117619
1954,16,2227465,1123044,1104421
1954,17,2138662,1072771,1065891
1954,18,2135040,1075298,1059742
1954,19,2135882,1073623,1062259
1954,20,2033130,1015588,1017542
1954,21,2080459,1035947,1044512
1954,22,2140366,1064936,1075430
1954,23,2273536,1140572,1132964
1954,24,2304924,1149925,1154999
1954,25,2286831,1132395,1154436
1954,26,2407547,1192710,1214837
1954,27,2460279,1219299,1240980
1954,28,2386122,1175162,1210960
1954,29,2441590,1198696,1242894
1954,30,2481660,1218020,1263640
1954,31,2456844,1205980,1250864
1954,32,2486547,1219153,1267394
1954,33,2496921,1224182,1272739
1954,34,2435687,1196684,1239003
1954,35,2365843,1160395,1205448
1954,36,2392378,1177547,1214831
1954,37,2375045,1171532,1203513
1954,38,2311547,1137618,1173929
1954,39,2295945,1132267,1163678
1954,40,2261167,1114766,1146401
1954,41,2236059,1105279,1130780
1954,42,2172140,1074487,1097653
1954,43,2128286,1052739,1075547
1954,44,2123055,1051782,1071273
1954,45,2098128,1038784,1059344
1954,46,2031448,1005465,1025983
1954,47,1986117,982977,1003140
1954,48,1967095,975646,991449
1954,49,1867702,928364,939338
1954,50,1814252,903013,911239
1954,51,1768402,880711,887691
1954,52,1701137,846002,855135
1954,53,1682261,836157,846104
1954,54,1643274,816115,827159
1954,55,1593667,790124,803543
1954,56,1544001,763972,780029
1954,57,1524815,753476,771339
1954,58,1526042,753742,772300
1954,59,1489617,734341,755276
1954,60,1435218,706083,729135
1954,61,1402234,688815,713419
1954,62,1351998,662660,689338
1954,63,1276387,623313,653074
1954,64,1238339,603018,635321
1954,65,1208291,586582,621709
1954,66,1159956,560411,599545
1954,67,1112897,535145,577752
1954,68,1064430,508560,555870
1954,69,1019929,485092,534837
1954,70,946111,447496,498615
1954,71,861463,405065,456398
1954,72,788354,369997,418357
1954,73,722642,338189,384453
1954,74,651585,303865,347720
1954,75,591388,274744,316644
1954,76,543531,250960,292571
1954,77,495142,227253,267889
1954,78,453080,206268,246812
1954,79,402708,181220,221488
1954,80,351569,155857,195712
1954,81,309400,135136,174264
1954,82,258980,110936,148044
1954,83,216216,90772,125444
1954,84,179705,73737,105968
1954,85,738452,308261,430191
1955,0,3777404,1923184,1854220
1955,1,3764469,1918117,1846352
1955,2,3744444,1903425,1841019
1955,3,3676466,1869138,1807328
1955,4,3603530,1835232,1768298
1955,5,3449161,1756241,1692920
1955,6,3452324,1755105,1697219
1955,7,3465773,1767723,1698050
1955,8,3698230,1883933,1814297
1955,9,2683429,1365725,1317704
1955,10,2769205,1412355,1356850
1955,11,2814443,1433664,1380779
1955,12,2980158,1519124,1461034
1955,13,2612448,1329003,1283445
1955,14,2461584,1249862,1211722
1955,15,2294550,1157562,1136988
1955,16,2254733,1138024,1116709
1955,17,2235977,1127119,1108858
1955,18,2142406,1074316,1068090
1955,19,2111504,1060628,1050876
1955,20,2135741,1068742,1066999
1955,21,2052912,1024081,1028831
1955,22,2065719,1026589,1039130
1955,23,2186847,1092574,1094273
1955,24,2272449,1138905,1133544
1955,25,2279892,1134813,1145079
1955,26,2335789,1156365,1179424
1955,27,2449896,1216592,1233304
1955,28,2381075,1175987,1205088
1955,29,2387915,1173737,1214178
1955,30,2470040,1213404,1256636
1955,31,2496671,1229355,1267316
1955,32,2417837,1182768,1235069
1955,33,2534395,1243312,1291083
1955,34,2528720,1241616,1287104
1955,35,2421307,1189416,1231891
1955,36,2385690,1170227,1215463
1955,37,2416193,1190530,1225663
1955,38,2339986,1153015,1186971
1955,39,2293467,1130476,1162991
1955,40,2281314,1124535,1156779
1955,41,2258974,1115921,1143053
1955,42,2214696,1093436,1121260
1955,43,2169826,1072270,1097556
1955,44,2130086,1052769,1077317
1955,45,2123773,1050333,1073440
1955,46,2082012,1029926,1052086
1955,47,2029956,1004095,1025861
1955,48,2000462,990532,1009930
1955,49,1923642,953537,970105
1955,50,1845729,916196,929533
1955,51,1803755,896516,907239
1955,52,1750976,871491,879485
1955,53,1667258,828280,838978
1955,54,1656852,822238,834614
1955,55,1636072,810175,825897
1955,56,1574959,778403,796556
1955,57,1531865,755117,776748
1955,58,1537925,757286,780639
1955,59,1506930,740112,766818
1955,60,1446324,708656,737668
1955,61,1413664,691057,722607
1955,62,1391249,678197,713052
1955,63,1330549,646166,684383
1955,64,1252105,605954,646151
1955,65,1223262,590322,632940
1955,66,1194738,574334,620404
1955,67,1142541,547597,594944
1955,68,1080208,515755,564453
1955,69,1040011,494399,545612
1955,70,973290,459542,513748
1955,71,899494,422454,477040
1955,72,816386,381355,435031
1955,73,756238,352036,404202
1955,74,681157,315824,365333
1955,75,618233,285829,332404
1955,76,556252,255927,300325
1955,77,511619,234094,277525
1955,78,462459,209473,252986
1955,79,421232,189008,232224
1955,80,368972,163123,205849
1955,81,321134,139682,181452
1955,82,271953,116074,155879
1955,83,226309,94611,131698
1955,84,184365,75034,109331
1955,85,775617,321983,453634
1956,0,3860003,1963108,1896895
1956,1,3857934,1966740,1891194
1956,2,3839092,1950751,1888341
1956,3,3759958,1910546,1849412
1956,4,3686410,1879642,1806768
1956,5,3587147,1823230,1763917
1956,6,3447168,1753791,1693377
1956,7,3480478,1772187,1708291
1956,8,3438169,1750772,1687397
1956,9,3699221,1885697,1813524
1956,10,2719985,1385294,1334691
1956,11,2774962,1414145,1360817
1956,12,2820730,1436176,1384554
1956,13,2961160,1507118,1454042
1956,14,2640702,1341995,1298707
1956,15,2423680,1224146,1199534
1956,16,2287083,1153355,1133728
1956,17,2265473,1142830,1122643
1956,18,2244273,1131577,1112696
1956,19,2119953,1060805,1059148
1956,20,2114781,1057652,1057129
1956,21,2157495,1077700,1079795
1956,22,2044985,1018651,1026334
1956,23,2111474,1054058,1057416
1956,24,2187004,1090978,1096026
1956,25,2251515,1124974,1126541
1956,26,2332479,1160584,1171895
1956,27,2376674,1179060,1197614
1956,28,2384752,1180170,1204582
1956,29,2377271,1170504,1206767
1956,30,2413901,1187212,1226689
1956,31,2492691,1228395,1264296
1956,32,2462517,1208497,1254020
1956,33,2464261,1205959,1258302
1956,34,2565674,1260139,1305535
1956,35,2512341,1233195,1279146
1956,36,2441990,1199367,1242623
1956,37,2414743,1185805,1228938
1956,38,2370532,1166330,1204202
1956,39,2323075,1146151,1176924
1956,40,2289541,1127908,1161633
1956,41,2281709,1126866,1154843
1956,42,2233007,1101297,1131710
1956,43,2214657,1092206,1122451
1956,44,2175605,1074669,1100936
1956,45,2128724,1050636,1078088
1956,46,2110423,1043172,1067251
1956,47,2079532,1028304,1051228
1956,48,2042257,1010480,1031777
1956,49,1962889,971540,991349
1956,50,1896811,938921,957890
1956,51,1831199,907791,923408
1956,52,1787340,887811,899529
1956,53,1721462,855933,865529
1956,54,1645282,815888,829394
1956,55,1653083,817784,835299
1956,56,1620064,799549,820515
1956,57,1565753,770756,794997
1956,58,1544679,758685,785994
1956,59,1510043,739018,771025
1956,60,1463365,713965,749400
1956,61,1425006,693326,731680
1956,62,1399337,678585,720752
1956,63,1365289,659417,705872
1956,64,1304579,627960,676619
1956,65,1235999,592788,643211
1956,66,1207122,576972,630150
1956,67,1173570,559698,613872
1956,68,1111188,528839,582349
1956,69,1057235,502097,555138
1956,70,991438,467634,523804
1956,71,924740,433215,491525
1956,72,855929,399087,456842
1956,73,783343,362660,420683
1956,74,712341,328378,383963
1956,75,643966,295806,348160
1956,76,580409,265575,314834
1956,77,522902,238275,284627
1956,78,475657,214584,261073
1956,79,428091,190878,237213
1956,80,385155,169711,215444
1956,81,336042,145761,190281
1956,82,280499,119207,161292
1956,83,236421,98547,137874
1956,84,191237,77547,113690
1956,85,804375,330493,473882
1957,0,4035155,2053879,1981276
1957,1,3923917,1997197,1926720
1957,2,3912759,1990517,1922242
1957,3,3847648,1954122,1893526
1957,4,3774329,1922689,1851640
1957,5,3679934,1873133,1806801
1957,6,3582421,1819059,1763362
1957,7,3474852,1769867,1704985
1957,8,3449670,1754686,1694984
1957,9,3437541,1751716,1685825
1957,10,3742297,1908105,1834192
1957,11,2726273,1387388,1338885
1957,12,2781183,1416698,1364485
1957,13,2798675,1422541,1376134
1957,14,2996847,1523677,1473170
1957,15,2603159,1317424,1285735
1957,16,2407100,1215361,1191739
1957,17,2296166,1157235,1138931
1957,18,2274288,1148494,1125794
1957,19,2217436,1116541,1100895
1957,20,2122410,1057727,1064683
1957,21,2133334,1064524,1068810
1957,22,2151036,1073606,1077430
1957,23,2087107,1044739,1042368
1957,24,2109080,1050718,1058362
1957,25,2167481,1077286,1090195
1957,26,2303937,1150705,1153232
1957,27,2370125,1181419,1188706
1957,28,2325111,1149469,1175642
1957,29,2373166,1169409,1203757
1957,30,2399249,1181828,1217421
1957,31,2441863,1204422,1237441
1957,32,2462482,1209360,1253122
1957,33,2507964,1230826,1277138
1957,34,2492400,1220591,1271809
1957,35,2546473,1249956,1296517
1957,36,2533176,1242678,1290498
1957,37,2476432,1217546,1258886
1957,38,2358489,1155848,1202641
1957,39,2353961,1159176,1194785
1957,40,2329121,1148222,1180899
1957,41,2291428,1130675,1160753
1957,42,2249872,1108645,1141227
1957,43,2234056,1100303,1133753
1957,44,2223462,1096366,1127096
1957,45,2171200,1071268,1099932
1957,46,2117289,1044672,1072617
1957,47,2105965,1040750,1065215
1957,48,2088827,1032994,1055833
1957,49,2009895,994222,1015673
1957,50,1930233,953938,976295
1957,51,1877070,927995,949075
1957,52,1814963,899128,915835
1957,53,1761836,874215,887621
1957,54,1702245,844769,857476
1957,55,1644532,812730,831802
1957,56,1639945,808366,831579
1957,57,1614360,793459,820901
1957,58,1579415,774780,804635
1957,59,1508629,736201,772428
1957,60,1466903,712867,754036
1957,61,1442808,698709,744099
1957,62,1407798,679373,728425
1957,63,1369323,657930,711393
1957,64,1338209,640788,697421
1957,65,1288341,614843,673498
1957,66,1217874,578707,639167
1957,67,1182606,560763,621843
1957,68,1144535,542093,602442
1957,69,1090995,516429,574566
1957,70,1007696,474719,532977
1957,71,942004,440691,501313
1957,72,883994,410993,473001
1957,73,823290,380553,442737
1957,74,738330,338557,399773
1957,75,672569,307204,365365
1957,76,604925,275014,329911
1957,77,547425,248204,299221
1957,78,485321,217990,267331
1957,79,440604,195674,244930
1957,80,391499,171372,220127
1957,81,351548,152151,199397
1957,82,293837,124775,169062
1957,83,243699,101365,142334
1957,84,199435,80913,118522
1957,85,837293,339889,497404
1958,0,4073113,2072535,2000578
1958,1,4081641,2078037,2003604
1958,2,3955569,2010345,1945224
1958,3,3911814,1988848,1922966
1958,4,3864465,1966943,1897522
1958,5,3776286,1921033,1855253
1958,6,3670427,1866260,1804167
1958,7,3608923,1833828,1775095
1958,8,3439532,1751074,1688458
1958,9,3445744,1754000,1691744
1958,10,3473006,1769366,1703640
1958,11,3749985,1910419,1839566
1958,12,2731853,1389563,1342290
1958,13,2754957,1400640,1354317
1958,14,2836085,1439869,1396216
1958,15,2957721,1498982,1458739
1958,16,2576464,1302960,1273504
1958,17,2415841,1218188,1197653
1958,18,2306640,1163791,1142849
1958,19,2244557,1131768,1112789
1958,20,2218649,1112037,1106612
1958,21,2137506,1061622,1075884
1958,22,2128631,1061238,1067393
1958,23,2190431,1098489,1091942
1958,24,2080581,1038279,1042302
1958,25,2089151,1035853,1053298
1958,26,2216196,1100568,1115628
1958,27,2335664,1168023,1167641
1958,28,2327219,1155841,1171378
1958,29,2303935,1132804,1171131
1958,30,2388297,1177294,1211003
1958,31,2429780,1200135,1229645
1958,32,2413401,1186301,1227100
1958,33,2503250,1229016,1274234
1958,34,2531425,1242619,1288806
1958,35,2468902,1207990,1260912
1958,36,2564641,1257557,1307084
1958,37,2571791,1262745,1309046
1958,38,2405883,1179693,1226190
1958,39,2340678,1147482,1193196
1958,40,2368515,1165051,1203464
1958,41,2330882,1150591,1180291
1958,42,2252125,1108001,1144124
1958,43,2250438,1107031,1143407
1958,44,2244353,1105381,1138972
1958,45,2214636,1090919,1123717
1958,46,2160534,1065835,1094699
1958,47,2109794,1040792,1069002
1958,48,2110924,1042918,1068006
1958,49,2060911,1018952,1041959
1958,50,1970024,972787,997237
1958,51,1903914,939657,964257
1958,52,1859706,918582,941124
1958,53,1792438,886800,905638
1958,54,1744354,863575,880779
1958,55,1704180,842551,861629
1958,56,1633094,803724,829370
1958,57,1636568,803023,833545
1958,58,1628208,797404,830804
1958,59,1533905,747243,786662
1958,60,1465009,709443,755566
1958,61,1446114,697075,749039
1958,62,1421798,682717,739081
1958,63,1372692,656234,716458
1958,64,1340078,638245,701833
1958,65,1320412,626858,693554
1958,66,1266948,599174,667774
1958,67,1188273,559801,628472
1958,68,1154064,543071,610993
1958,69,1125536,529834,595702
1958,70,1038546,487248,551298
1958,71,955589,446046,509543
1958,72,902398,418552,483846
1958,73,849766,391417,458349
1958,74,774993,354766,420227
1958,75,693623,314867,378756
1958,76,629920,284500,345420
1958,77,569887,256525,313362
1958,78,505659,225705,279954
1958,79,446987,197323,249664
1958,80,400988,174597,226391
1958,81,354724,152283,202441
1958,82,305632,129552,176080
1958,83,254028,105766,148262
1958,84,203622,82631,120991
1958,85,864481,346023,518458
1959,0,4097383,2081769,2015614
1959,1,4103414,2087299,2016115
1959,2,4092616,2081824,2010792
1959,3,3947785,2004941,1942844
1959,4,3933920,2003669,1930251
1959,5,3877965,1971705,1906260
1959,6,3764441,1912702,1851739
1959,7,3697523,1880569,1816954
1959,8,3569753,1814139,1755614
1959,9,3434413,1749824,1684589
1959,10,3478283,1769305,1708978
1959,11,3482375,1772598,1709777
1959,12,3758204,1913782,1844422
1959,13,2703780,1372435,1331345
1959,14,2797368,1420545,1376823
1959,15,2804400,1420801,1383599
1959,16,2919823,1478901,1440922
1959,17,2586987,1306585,1280402
1959,18,2431016,1228295,1202721
1959,19,2276715,1148014,1128701
1959,20,2247873,1128958,1118915
1959,21,2233988,1116128,1117860
1959,22,2137920,1062267,1075653
1959,23,2166724,1086682,1080042
1959,24,2182455,1091535,1090920
1959,25,2062600,1024525,1038075
1959,26,2137130,1059343,1077787
1959,27,2244217,1116272,1127945
1959,28,2304454,1148868,1155586
1959,29,2298561,1134702,1163859
1959,30,2314904,1139007,1175897
1959,31,2424507,1198647,1225860
1959,32,2405564,1184448,1221116
1959,33,2452018,1204867,1247151
1959,34,2524791,1239579,1285212
1959,35,2505462,1228632,1276830
1959,36,2486313,1214901,1271412
1959,37,2609363,1280658,1328705
1959,38,2487881,1217659,1270222
1959,39,2389131,1171457,1217674
1959,40,2366032,1158474,1207558
1959,41,2372830,1168597,1204233
1959,42,2286160,1124708,1161452
1959,43,2254757,1107324,1147433
1959,44,2264838,1114612,1150226
1959,45,2233517,1099355,1134162
1959,46,2207227,1087516,1119711
1959,47,2152367,1061937,1090430
1959,48,2112595,1041743,1070852
1959,49,2090332,1032770,1057562
1959,50,2016087,995077,1021010
1959,51,1939474,956616,982858
1959,52,1888124,931125,956999
1959,53,1842910,909210,933700
1959,54,1779285,878269,901016
1959,55,1751321,863733,887588
1959,56,1696982,835526,861456
1959,57,1633812,800299,833513
1959,58,1652113,807931,844182
1959,59,1575047,766040,809007
1959,60,1491951,721265,770686
1959,61,1446654,694819,751835
1959,62,1424132,680867,743265
1959,63,1384605,659019,725586
1959,64,1344533,637572,706961
1959,65,1323956,625617,698339
1959,66,1299233,611899,687334
1959,67,1236144,580100,656044
1959,68,1164286,544573,619713
1959,69,1139912,533230,606682
1959,70,1074172,501317,572855
1959,71,987571,459178,528393
1959,72,921036,426277,494759
1959,73,870230,400064,470166
1959,74,801837,366052,435785
1959,75,728589,330484,398105
1959,76,650616,292109,358507
1959,77,596116,266749,329367
1959,78,526970,233514,293456
1959,79,467184,204999,262185
1959,80,407389,176292,231097
1959,81,364053,155552,208501
1959,82,308239,129665,178574
1959,83,265630,110790,154840
1959,84,213541,87272,126269
1959,85,901219,356460,544759
1960,0,4093802,2079726,2014076
1960,1,4104163,2084018,2020145
1960,2,4080463,2075083,2005380
1960,3,4077609,2071898,2005711
1960,4,3985212,2028055,1957157
1960,5,3958677,2014357,1944320
1960,6,3852247,1955472,1896775
1960,7,3797917,1930007,1867910
1960,8,3635589,1850932,1784657
1960,9,3565587,1813771,1751816
1960,10,3473252,1767568,1705684
1960,11,3489877,1773519,1716358
1960,12,3491706,1777025,1714681
1960,13,3700245,1879559,1820686
1960,14,2770401,1404778,1365623
1960,15,2759342,1400319,1359023
1960,16,2750756,1392108,1358648
1960,17,2938626,1485439,1453187
1960,18,2612578,1323334,1289244
1960,19,2380875,1201302,1179573
1960,20,2295794,1152255,1143539
1960,21,2265728,1132829,1132899
1960,22,2238646,1118618,1120028
1960,23,2174395,1086234,1088161
1960,24,2159614,1078705,1080909
1960,25,2165795,1075940,1089855
1960,26,2111395,1047375,1064020
1960,27,2163619,1073207,1090412
1960,28,2224932,1102932,1122000
1960,29,2269886,1123730,1146156
1960,30,2310669,1141621,1169048
1960,31,2355860,1162601,1193259
1960,32,2403565,1184698,1218867
1960,33,2441333,1201355,1239978
1960,34,2471476,1213952,1257524
1960,35,2497353,1224680,1272673
1960,36,2523550,1235567,1287983
1960,37,2533543,1239200,1294343
1960,38,2514885,1230019,1284866
1960,39,2473141,1210498,1262643
1960,40,2424758,1187874,1236884
1960,41,2370496,1162413,1208083
1960,42,2321952,1139801,1182151
1960,43,2290300,1125356,1164944
1960,44,2271385,1117010,1154375
1960,45,2250666,1107753,1142913
1960,46,2227858,1097507,1130351
1960,47,2195145,1082222,1112923
1960,48,2148220,1059630,1088590
1960,49,2092119,1032160,1059959
1960,50,2036229,1004503,1031726
1960,51,1977497,975288,1002209
1960,52,1926119,949439,976680
1960,53,1882850,927436,955414
1960,54,1841419,906203,935216
1960,55,1795689,882731,912958
1960,56,1751551,860099,891452
1960,57,1700406,833130,867276
1960,58,1641590,801193,840397
1960,59,1581662,767767,813895
1960,60,1525828,736335,789493
1960,61,1467415,703548,763867
1960,62,1417997,675637,742360
1960,63,1383905,656141,727764
1960,64,1358968,641930,717038
1960,65,1331942,626906,705036
1960,66,1304419,611555,692864
1960,67,1269656,593284,676372
1960,68,1218968,567929,651039
1960,69,1155127,536675,618452
1960,70,1089339,504693,584646
1960,71,1023577,473000,550577
1960,72,955657,440155,515502
1960,73,886757,406402,480355
1960,74,818031,372420,445611
1960,75,749616,338725,410891
1960,76,681648,305594,376054
1960,77,614477,272986,341491
1960,78,548964,241388,307576
1960,79,485738,211165,274573
1960,80,425557,182694,242863
1960,81,368485,156121,212364
1960,82,315562,131909,183653
1960,83,267285,110403,156882
1960,84,224172,91863,132309
1960,85,940054,366252,573802
1961,0,4172988,2120745,2052243
1961,1,4084896,2076112,2008784
1961,2,4057693,2060740,1996953
1961,3,4080156,2072791,2007365
1961,4,4126537,2101704,2024833
1961,5,3998349,2033241,1965108
1961,6,3925679,1995161,1930518
1961,7,3890068,1976010,1914058
1961,8,3726338,1896372,1829966
1961,9,3655512,1862350,1793162
1961,10,3614497,1838136,1776361
1961,11,3476571,1767977,1708594
1961,12,3495250,1777071,1718179
1961,13,3434732,1744484,1690248
1961,14,3814413,1937105,1877308
1961,15,2734077,1388842,1345235
1961,16,2721876,1379237,1342639
1961,17,2781674,1404804,1376870
1961,18,2975853,1506859,1468994
1961,19,2545669,1284281,1261388
1961,20,2452277,1235048,1217229
1961,21,2315777,1159685,1156092
1961,22,2276632,1136049,1140583
1961,23,2246879,1120539,1126340
1961,24,2191006,1092648,1098358
1961,25,2170374,1078971,1091403
1961,26,2172236,1077139,1095097
1961,27,2121018,1051014,1070004
1961,28,2172992,1078024,1094968
1961,29,2233120,1108125,1124995
1961,30,2292994,1136398,1156596
1961,31,2313524,1144174,1169350
1961,32,2361971,1166236,1195735
1961,33,2404988,1185442,1219546
1961,34,2448385,1204400,1243985
1961,35,2475014,1215320,1259694
1961,36,2499150,1224929,1274221
1961,37,2523272,1234711,1288561
1961,38,2531451,1237566,1293885
1961,39,2511597,1227907,1283690
1961,40,2468852,1207835,1261017
1961,41,2419281,1184514,1234767
1961,42,2364895,1158973,1205922
1961,43,2316082,1136238,1179844
1961,44,2282829,1120998,1161831
1961,45,2262392,1111777,1150615
1961,46,2242108,1102692,1139416
1961,47,2210739,1088248,1122491
1961,48,2167263,1067714,1099549
1961,49,2116663,1043122,1073541
1961,50,2065078,1017351,1047727
1961,51,2007327,988489,1018838
1961,52,1965612,967058,998554
1961,53,1936516,951447,985069
1961,54,1901801,933074,968727
1961,55,1851867,907316,944551
1961,56,1802980,882356,920624
1961,57,1739316,849533,889783
1961,58,1662232,809563,852669
1961,59,1590101,770996,819105
1961,60,1534453,740050,794403
1961,61,1478537,708734,769803
1961,62,1428861,680398,748463
1961,63,1392847,658889,733958
1961,64,1366154,642556,723598
1961,65,1339135,627005,712130
1961,66,1308975,609650,699325
1961,67,1280469,593854,686615
1961,68,1242949,574560,668389
1961,69,1188701,547863,640838
1961,70,1121903,515430,606473
1961,71,1054360,482912,571448
1961,72,983727,449178,534549
1961,73,910453,414103,496350
1961,74,838437,379243,459194
1961,75,769465,345430,424035
1961,76,701945,312822,389123
1961,77,634491,280347,354144
1961,78,568310,248591,319719
1961,79,504365,218143,286222
1961,80,443979,189582,254397
1961,81,385537,162428,223109
1961,82,331045,137435,193610
1961,83,281045,115046,165999
1961,84,235686,95320,140366
1961,85,964233,372709,591524
1962,0,4083751,2076625,2007126
1962,1,4160703,2115331,2045372
1962,2,4034016,2050911,1983105
1962,3,4060410,2060153,2000257
1962,4,4129913,2102309,2027604
1962,5,4137071,2105883,2031188
1962,6,3971329,2016615,1954714
1962,7,3962111,2015113,1946998
1962,8,3820035,1942948,1877087
1962,9,3750578,1909927,1840651
1962,10,3717727,1893602,1824125
1962,11,3606125,1832643,1773482
1962,12,3485569,1773348,1712221
1962,13,3446619,1748933,1697686
1962,14,3537894,1796820,1741074
1962,15,3769670,1918224,1851446
1962,16,2700044,1369907,1330137
1962,17,2751782,1391957,1359825
1962,18,2816416,1423733,1392683
1962,19,2912447,1469619,1442828
1962,20,2620396,1320597,1299799
1962,21,2464576,1238925,1225651
1962,22,2322896,1159775,1163121
1962,23,2281132,1135223,1145909
1962,24,2270117,1129985,1140132
1962,25,2197507,1091744,1105763
1962,26,2171778,1078129,1093649
1962,27,2182297,1081287,1101010
1962,28,2127996,1055224,1072772
1962,29,2177651,1082223,1095428
1962,30,2265719,1126289,1139430
1962,31,2280054,1131675,1148379
1962,32,2317585,1147201,1170384
1962,33,2358428,1164983,1193445
1962,34,2415151,1190269,1224882
1962,35,2449621,1204685,1244936
1962,36,2475642,1214734,1260908
1962,37,2498551,1223523,1275028
1962,38,2521431,1232803,1288628
1962,39,2528331,1235188,1293143
1962,40,2506986,1224723,1282263
1962,41,2462691,1203774,1258917
1962,42,2412210,1179972,1232238
1962,43,2356871,1153983,1202888
1962,44,2306453,1130525,1175928
1962,45,2272120,1114769,1157351
1962,46,2252143,1105870,1146273
1962,47,2224855,1093445,1131410
1962,48,2184752,1074689,1110063
1962,49,2138487,1052405,1086082
1962,50,2091873,1029070,1062803
1962,51,2038684,1001992,1036692
1962,52,1995779,979719,1016060
1962,53,1973331,967051,1006280
1962,54,1951592,954584,997008
1962,55,1909268,932216,977052
1962,56,1856471,905182,951289
1962,57,1789519,870919,918600
1962,58,1702118,826339,875779
1962,59,1613346,780629,832717
1962,60,1545564,744578,800986
1962,61,1489646,713745,775901
1962,62,1442477,686775,755702
1962,63,1405947,664487,741460
1962,64,1376882,645709,731173
1962,65,1347530,627693,719837
1962,66,1317006,609499,707507
1962,67,1284509,591091,693418
1962,68,1251866,573781,678085
1962,69,1210170,553022,657148
1962,70,1153063,525232,627831
1962,71,1084817,492478,592339
1962,72,1012356,457977,554379
1962,73,936221,421965,514256
1962,74,859634,385595,474039
1962,75,787457,350844,436613
1962,76,719204,317978,401226
1962,77,652199,285974,366225
1962,78,585788,254336,331452
1962,79,521276,223758,297518
1962,80,460568,195139,265429
1962,81,401800,167891,233909
1962,82,346133,142489,203644
1962,83,294796,119552,175244
1962,84,248012,99280,148732
1962,85,982198,374332,607866
1963,0,4012510,2041991,1970519
1963,1,4071602,2070958,2000644
1963,2,4105855,2088512,2017343
1963,3,4040638,2052519,1988119
1963,4,4110926,2089397,2021529
1963,5,4137064,2105237,2031827
1963,6,4114451,2091034,2023417
1963,7,4004689,2035209,1969480
1963,8,3892608,1982145,1910463
1963,9,3847088,1958005,1889083
1963,10,3825073,1947671,1877402
1963,11,3695383,1881245,1814138
1963,12,3617270,1839304,1777966
1963,13,3444174,1749139,1695035
1963,14,3545889,1799610,1746279
1963,15,3501539,1781807,1719732
1963,16,3724202,1893178,1831024
1963,17,2728595,1381970,1346625
1963,18,2785555,1408979,1376576
1963,19,2769149,1394933,1374216
1963,20,2993742,1510299,1483443
1963,21,2622269,1319719,1302550
1963,22,2465430,1234779,1230651
1963,23,2321819,1155399,1166420
1963,24,2310253,1147072,1163181
1963,25,2272391,1127211,1145180
1963,26,2195043,1088288,1106755
1963,27,2184246,1082309,1101937
1963,28,2190051,1084743,1105308
1963,29,2132221,1058056,1074165
1963,30,2222398,1105180,1117218
1963,31,2241035,1114209,1126826
1963,32,2285911,1133943,1151968
1963,33,2312604,1143824,1168780
1963,34,2374082,1171310,1202772
1963,35,2415506,1189176,1226330
1963,36,2449378,1202885,1246493
1963,37,2474073,1212366,1261707
1963,38,2496093,1221111,1274982
1963,39,2518130,1230309,1287821
1963,40,2523791,1232075,1291716
1963,41,2501247,1221014,1280233
1963,42,2455815,1199506,1256309
1963,43,2403801,1174844,1228957
1963,44,2346512,1147721,1198791
1963,45,2294990,1123497,1171493
1963,46,2260709,1107588,1153121
1963,47,2234924,1095714,1139210
1963,48,2200770,1079858,1120912
1963,49,2158820,1059987,1098833
1963,50,2116081,1039005,1077076
1963,51,2068191,1014726,1053465
1963,52,2027582,993352,1034230
1963,53,2000456,978282,1022174
1963,54,1983376,967811,1015565
1963,55,1954413,951479,1002934
1963,56,1909068,927695,981373
1963,57,1839258,891913,947345
1963,58,1750475,846839,903636
1963,59,1652735,797128,855607
1963,60,1568398,753833,814565
1963,61,1500230,717755,782475
1963,62,1453083,691043,762040
1963,63,1419014,669899,749115
1963,64,1389467,650341,739126
1963,65,1357847,630112,727735
1963,66,1325285,609716,715569
1963,67,1291689,590393,701296
1963,68,1253728,570071,683657
1963,69,1216024,550945,665079
1963,70,1171256,528875,642381
1963,71,1112758,500709,612049
1963,72,1039311,465799,573512
1963,73,961163,428951,532212
1963,74,881718,391660,490058
1963,75,805334,355608,449726
1963,76,733920,321864,412056
1963,77,666380,289725,376655
1963,78,600660,258702,341958
1963,79,536172,228382,307790
1963,80,475454,199884,275570
1963,81,416316,172577,243739
1963,82,360573,147192,213381
1963,83,308280,123932,184348
1963,84,260371,103189,157182
1963,85,1003418,376711,626707
1964,0,3946853,2011685,1935168
1964,1,3998118,2034643,1963475
1964,2,4013585,2042873,1970712
1964,3,4115310,2091903,2023407
1964,4,4090999,2081351,2009648
1964,5,4114053,2091078,2022975
1964,6,4119428,2092928,2026500
1964,7,4144687,2108654,2036033
1964,8,3935856,2002719,1933137
1964,9,3921848,1998582,1923266
1964,10,3933774,2002242,1931532
1964,11,3786885,1927425,1859460
1964,12,3707388,1888335,1819053
1964,13,3580494,1817407,1763087
1964,14,3538419,1797575,1740844
1964,15,3513943,1786888,1727055
1964,16,3462482,1760388,1702094
1964,17,3758932,1908243,1850689
1964,18,2762842,1398204,1364638
1964,19,2752014,1387456,1364558
1964,20,2846740,1434533,1412207
1964,21,2984824,1504612,1480212
1964,22,2618388,1311881,1306507
1964,23,2460044,1227339,1232705
1964,24,2358554,1170731,1187823
1964,25,2308915,1143312,1165603
1964,26,2265698,1121690,1144008
1964,27,2209452,1093200,1116252
1964,28,2191294,1085371,1105923
1964,29,2192610,1086948,1105662
1964,30,2187051,1086010,1101041
1964,31,2184852,1086597,1098255
1964,32,2246695,1116145,1130550
1964,33,2277689,1128861,1148828
1964,34,2332045,1151905,1180140
1964,35,2372325,1169053,1203272
1964,36,2413578,1186315,1227263
1964,37,2446394,1199631,1246763
1964,38,2470780,1209440,1261340
1964,39,2492463,1218396,1274067
1964,40,2513549,1227073,1286476
1964,41,2518435,1228440,1289995
1964,42,2494560,1216687,1277873
1964,43,2446979,1193976,1253003
1964,44,2392579,1167959,1224620
1964,45,2334084,1140073,1194011
1964,46,2282131,1115483,1166648
1964,47,2243234,1097203,1146031
1964,48,2212608,1082908,1129700
1964,49,2177806,1066553,1111253
1964,50,2139217,1047970,1091247
1964,51,2095845,1026374,1069471
1964,52,2058466,1006851,1051615
1964,53,2030287,991098,1039189
1964,54,2006453,977227,1029226
1964,55,1982543,963031,1019512
1964,56,1950542,945189,1005353
1964,57,1889533,913353,976180
1964,58,1800029,867880,932149
1964,59,1702226,818382,883844
1964,60,1608903,771059,837844
1964,61,1524071,727739,796332
1964,62,1464853,695727,769126
1964,63,1430865,674655,756210
1964,64,1403994,656218,747776
1964,65,1372266,635435,736831
1964,66,1338071,613111,724960
1964,67,1301962,591498,710464
1964,68,1261738,569880,691858
1964,69,1217757,547352,670405
1964,70,1176674,526665,650009
1964,71,1130510,504137,626373
1964,72,1066546,473670,592876
1964,73,987329,436419,550910
1964,74,906079,398441,507638
1964,75,827423,361808,465615
1964,76,752004,326925,425079
1964,77,681637,294112,387525
1964,78,615677,263130,352547
1964,79,552115,233547,318568
1964,80,491897,205489,286408
1964,81,432481,178156,254325
1964,82,376307,152610,223697
1964,83,323724,129146,194578
1964,84,274479,107748,166731
1964,85,1040022,386816,653206
1965,0,3770049,1916766,1853283
1965,1,3928418,2001515,1926903
1965,2,3935365,2004312,1931053
1965,3,4024448,2047132,1977316
1965,4,4165561,2120072,2045489
1965,5,4089460,2081094,2008366
1965,6,4101067,2080795,2020272
1965,7,4145207,2108461,2036746
1965,8,4074807,2075430,1999377
1965,9,3967031,2020083,1946948
1965,10,4020780,2049184,1971596
1965,11,3878958,1973573,1905385
1965,12,3800029,1935008,1865021
1965,13,3676247,1869228,1807019
1965,14,3672861,1865141,1807720
1965,15,3510524,1786893,1723631
1965,16,3476677,1766658,1710019
1965,17,3493366,1774111,1719255
1965,18,3804349,1928843,1875506
1965,19,2741815,1383976,1357839
1965,20,2828397,1428339,1400058
1965,21,2829293,1426411,1402882
1965,22,2974287,1493370,1480917
1965,23,2608334,1302768,1305566
1965,24,2506128,1248401,1257727
1965,25,2353320,1166780,1186540
1965,26,2297761,1136166,1161595
1965,27,2281873,1127364,1154509
1965,28,2215580,1095698,1119882
1965,29,2191676,1086428,1105248
1965,30,2260151,1121099,1139052
1965,31,2137036,1060876,1076160
1965,32,2190392,1087881,1102511
1965,33,2235678,1109158,1126520
1965,34,2301530,1138552,1162978
1965,35,2329048,1148435,1180613
1965,36,2369898,1165227,1204671
1965,37,2410563,1182374,1228189
1965,38,2443529,1196367,1247162
1965,39,2467646,1206539,1261107
1965,40,2488120,1214897,1273223
1965,41,2508284,1223181,1285103
1965,42,2511192,1223584,1287608
1965,43,2484440,1210282,1274158
1965,44,2434326,1186160,1248166
1965,45,2379012,1159584,1219428
1965,46,2319988,1131323,1188665
1965,47,2264928,1105123,1159805
1965,48,2223279,1085431,1137848
1965,49,2192928,1071067,1121861
1965,50,2160922,1055734,1105188
1965,51,2121977,1036620,1085357
1965,52,2086683,1018596,1068087
1965,53,2058183,1003010,1055173
1965,54,2031279,987524,1043755
1965,55,2001015,970130,1030885
1965,56,1974040,954380,1019660
1965,57,1927957,929346,998611
1965,58,1849577,889021,960556
1965,59,1752428,839804,912624
1965,60,1658851,792523,866328
1965,61,1564762,745047,819715
1965,62,1489103,705705,783398
1965,63,1442985,679114,763871
1965,64,1416172,660692,755480
1965,65,1387207,641224,745983
1965,66,1353251,618587,734664
1965,67,1314860,594958,719902
1965,68,1270969,570736,700233
1965,69,1224004,546687,677317
1965,70,1176625,522526,654099
1965,71,1134421,501476,632945
1965,72,1082762,476634,606128
1965,73,1012772,443685,569087
1965,74,930126,405039,525087
1965,75,849660,367599,482061
1965,76,771665,331906,439759
1965,77,697251,297846,399405
1965,78,628482,266124,362358
1965,79,564733,236548,328185
1965,80,505885,209365,296520
1965,81,446842,182426,264416
1965,82,390716,157038,233678
1965,83,338150,133691,204459
1965,84,289252,112518,176734
1965,85,1081760,397502,684258
1966,0,3555346,1812116,1743230
1966,1,3754179,1907281,1846898
1966,2,3866725,1971770,1894955
1966,3,3953247,2012338,1940909
1966,4,4078477,2076639,2001838
1966,5,4164778,2120868,2043910
1966,6,4086431,2075671,2010760
1966,7,4127481,2096908,2030573
1966,8,4081690,2078276,2003414
1966,9,4113116,2096455,2016661
1966,10,4082146,2078940,2003206
1966,11,3952738,2013664,1939074
1966,12,3896753,1983241,1913512
1966,13,3777761,1920198,1857563
1966,14,3768291,1917101,1851190
1966,15,3650609,1857610,1792999
1966,16,3477928,1769597,1708331
1966,17,3507925,1781387,1726538
1966,18,3535518,1792056,1743462
1966,19,3789819,1917488,1872331
1966,20,2816582,1424834,1391748
1966,21,2800665,1415031,1385634
1966,22,2813697,1410930,1402767
1966,23,2955441,1477725,1477716
1966,24,2664034,1327633,1336401
1966,25,2496628,1242619,1254009
1966,26,2339109,1157794,1181315
1966,27,2318338,1143538,1174800
1966,28,2290407,1130906,1159501
1966,29,2217275,1097500,1119775
1966,30,2273628,1127721,1145907
1966,31,2198383,1090170,1108213
1966,32,2145554,1063491,1082063
1966,33,2179608,1081028,1098580
1966,34,2266239,1122173,1144066
1966,35,2299308,1135444,1163864
1966,36,2327682,1144996,1182686
1966,37,2367995,1161721,1206274
1966,38,2409227,1179825,1229402
1966,39,2442344,1194440,1247904
1966,40,2465450,1204083,1261367
1966,41,2485314,1212198,1273116
1966,42,2503209,1219344,1283865
1966,43,2502460,1217756,1284704
1966,44,2472528,1202681,1269847
1966,45,2421211,1177869,1243342
1966,46,2364671,1150561,1214110
1966,47,2303584,1121184,1182400
1966,48,2247692,1094518,1153174
1966,49,2207371,1075328,1132043
1966,50,2179413,1061897,1117516
1966,51,2147484,1046300,1101184
1966,52,2114281,1029712,1084569
1966,53,2084320,1013969,1070351
1966,54,2055086,997687,1057399
1966,55,2022247,978858,1043389
1966,56,1988847,959782,1029065
1966,57,1949482,937693,1011789
1966,58,1888550,905439,983111
1966,59,1803853,862033,941820
1966,60,1710650,814827,895823
1966,61,1615843,767185,848658
1966,62,1531088,723547,807541
1966,63,1468413,689283,779130
1966,64,1429058,664974,764084
1966,65,1399910,645418,754492
1966,66,1368739,624057,744682
1966,67,1329669,599793,729876
1966,68,1282238,573132,709106
1966,69,1230866,546248,684618
1966,70,1180517,520532,659985
1966,71,1132308,496128,636180
1966,72,1084674,472838,611836
1966,73,1026983,445622,581361
1966,74,953532,411363,542169
1966,75,872070,373548,498522
1966,76,792291,337172,455119
1966,77,715539,302488,413051
1966,78,643002,269706,373296
1966,79,576689,239528,337161
1966,80,518162,212547,305615
1966,81,460261,186351,273910
1966,82,404604,161308,243296
1966,83,352128,137984,214144
1966,84,303252,116722,186530
1966,85,1127697,409395,718302
1967,0,3450000,1756823,1693177
1967,1,3535546,1800459,1735087
1967,2,3688418,1875801,1812617
1967,3,3884351,1979730,1904621
1967,4,4004194,2039407,1964787
1967,5,4072240,2074905,1997335
1967,6,4165426,2116695,2048731
1967,7,4107922,2089332,2018590
1967,8,4065534,2067288,1998246
1967,9,4121978,2100317,2021661
1967,10,4243904,2163648,2080256
1967,11,3998066,2035667,1962399
1967,12,3972967,2024900,1948067
1967,13,3881399,1972164,1909235
1967,14,3866498,1966585,1899913
1967,15,3748478,1910343,1838135
1967,16,3616414,1838824,1777590
1967,17,3503826,1780730,1723096
1967,18,3544889,1793774,1751115
1967,19,3534168,1786500,1747668
1967,20,3882941,1969182,1913759
1967,21,2776018,1404395,1371623
1967,22,2777109,1393333,1383776
1967,23,2788578,1390644,1397934
1967,24,3023227,1507466,1515761
1967,25,2646286,1318100,1328186
1967,26,2473980,1228960,1245020
1967,27,2359639,1164534,1195105
1967,28,2324541,1145640,1178901
1967,29,2288828,1131050,1157778
1967,30,2310986,1144373,1166613
1967,31,2197971,1089568,1108403
1967,32,2207215,1092403,1114812
1967,33,2132456,1055161,1077295
1967,34,2214306,1095783,1118523
1967,35,2262957,1118330,1144627
1967,36,2297497,1131547,1165950
1967,37,2325766,1141370,1184396
1967,38,2367327,1159490,1207837
1967,39,2409301,1178518,1230783
1967,40,2441744,1192682,1249062
1967,41,2464690,1202239,1262451
1967,42,2482104,1209045,1273059
1967,43,2495653,1213826,1281827
1967,44,2491117,1210207,1280910
1967,45,2459682,1194410,1265272
1967,46,2406418,1168600,1237818
1967,47,2348920,1140770,1208150
1967,48,2289115,1111939,1177176
1967,49,2235902,1086366,1149536
1967,50,2197883,1068021,1129862
1967,51,2170768,1054600,1116168
1967,52,2142441,1040451,1101990
1967,53,2110896,1024383,1086513
1967,54,2077792,1006833,1070959
1967,55,2042681,987255,1055426
1967,56,2006225,966496,1039729
1967,57,1961818,941856,1019962
1967,58,1910264,913903,996361
1967,59,1844667,879364,965303
1967,60,1763861,837835,926026
1967,61,1669258,790179,879079
1967,62,1584234,746361,837873
1967,63,1512742,707720,805022
1967,64,1456619,675656,780963
1967,65,1414629,650330,764299
1967,66,1383451,629140,754311
1967,67,1346416,606110,740306
1967,68,1297144,578547,718597
1967,69,1241462,548982,692480
1967,70,1186609,520310,666299
1967,71,1135613,494400,641213
1967,72,1081946,467726,614220
1967,73,1028250,442026,586224
1967,74,966960,413344,553616
1967,75,894893,379902,514991
1967,76,814050,343047,471003
1967,77,735659,307661,427998
1967,78,660983,274269,386714
1967,79,591131,243071,348060
1967,80,530576,215654,314922
1967,81,472767,189563,283204
1967,82,418377,165337,253040
1967,83,366464,142449,224015
1967,84,317793,121379,196414
1967,85,1186242,425899,760343
1968,0,3366388,1718393,1647995
1968,1,3430838,1745280,1685558
1968,2,3471495,1769894,1701601
1968,3,3709110,1885448,1823662
1968,4,3935584,2006270,1929314
1968,5,3995171,2036629,1958542
1968,6,4078802,2073428,2005374
1968,7,4183649,2128908,2054741
1968,8,4048616,2060769,1987847
1968,9,4108108,2090420,2017688
1968,10,4264703,2173718,2090985
1968,11,4140607,2110651,2029956
1968,12,4020126,2047790,1972336
1968,13,3964708,2017400,1947308
1968,14,3967100,2017272,1949828
1968,15,3850540,1961778,1888762
1968,16,3715305,1892165,1823140
1968,17,3640360,1849105,1791255
1968,18,3539053,1790520,1748533
1968,19,3558084,1795467,1762617
1968,20,3619894,1834577,1785317
1968,21,3811492,1934170,1877322
1968,22,2746998,1378035,1368963
1968,23,2747093,1369037,1378056
1968,24,2860687,1421597,1439090
1968,25,2997171,1494715,1502456
1968,26,2617403,1301166,1316237
1968,27,2497786,1236931,1260855
1968,28,2365794,1166637,1199157
1968,29,2321733,1145383,1176350
1968,30,2398208,1185694,1212514
1968,31,2221421,1099319,1122102
1968,32,2207531,1091834,1115697
1968,33,2191378,1082514,1108864
1968,34,2171326,1071709,1099617
1968,35,2210160,1091306,1118854
1968,36,2260707,1113860,1146847
1968,37,2295439,1127516,1167923
1968,38,2325479,1139108,1186371
1968,39,2368059,1158380,1209679
1968,40,2409347,1176967,1232380
1968,41,2441740,1191140,1250600
1968,42,2461820,1199190,1262630
1968,43,2474241,1203280,1270961
1968,44,2483719,1205848,1277871
1968,45,2477718,1201533,1276185
1968,46,2443940,1184534,1259406
1968,47,2391176,1158893,1232283
1968,48,2337170,1132657,1204513
1968,49,2281190,1105470,1175720
1968,50,2229848,1080578,1149270
1968,51,2193100,1062431,1130669
1968,52,2167182,1049335,1117847
1968,53,2136803,1033994,1102809
1968,54,2099908,1015152,1084756
1968,55,2061296,994545,1066751
1968,56,2022374,972960,1049414
1968,57,1976557,947571,1028986
1968,58,1922765,918535,1004230
1968,59,1868127,889103,979024
1968,60,1805981,856167,949814
1968,61,1723215,813957,909258
1968,62,1638593,769980,868613
1968,63,1567038,730887,836151
1968,64,1501981,694120,807861
1968,65,1442779,660800,781979
1968,66,1398652,633685,764967
1968,67,1360788,610486,750302
1968,68,1312478,583782,728696
1968,69,1254376,553129,701247
1968,70,1195293,521770,673523
1968,71,1140178,493069,647109
1968,72,1083811,464965,618846
1968,73,1024028,435941,588087
1968,74,966365,408692,557673
1968,75,906225,380807,525418
1968,76,834265,348190,486075
1968,77,754708,312353,442355
1968,78,678393,278317,400076
1968,79,606491,246589,359902
1968,80,542969,218385,324584
1968,81,482999,191831,291168
1968,82,429073,167849,261224
1968,83,378951,145946,233005
1968,84,331616,125564,206052
1968,85,1240679,440487,800192
1969,0,3412562,1742390,1670172
1969,1,3345777,1705750,1640027
1969,2,3364853,1714139,1650714
1969,3,3493737,1780761,1712976
1969,4,3758584,1910653,1847931
1969,5,3923088,2002391,1920697
1969,6,4007178,2037895,1969283
1969,7,4093268,2084045,2009223
1969,8,4125569,2100915,2024654
1969,9,4093622,2085244,2008378
1969,10,4262865,2170057,2092808
1969,11,4145705,2112957,2032748
1969,12,4165280,2124170,2041110
1969,13,4019792,2044415,1975377
1969,14,4047383,2061448,1985935
1969,15,3955996,2015112,1940884
1969,16,3819366,1944971,1874395
1969,17,3737682,1902111,1835571
1969,18,3676105,1857613,1818492
1969,19,3567070,1800516,1766554
1969,20,3642408,1844686,1797722
1969,21,3540175,1796637,1743538
1969,22,3761493,1894002,1867491
1969,23,2711237,1351152,1360085
1969,24,2824480,1403258,1421222
1969,25,2829895,1408115,1421780
1969,26,2956788,1472615,1484173
1969,27,2642288,1309613,1332675
1969,28,2501601,1238078,1263523
1969,29,2359906,1165212,1194694
1969,30,2444035,1206580,1237455
1969,31,2291001,1132115,1158886
1969,32,2231047,1101488,1129559
1969,33,2188598,1080464,1108134
1969,34,2235511,1101590,1133921
1969,35,2165933,1066748,1099185
1969,36,2206835,1086353,1120482
1969,37,2257746,1109477,1148269
1969,38,2294773,1125249,1169524
1969,39,2326226,1138225,1188001
1969,40,2368232,1157049,1211183
1969,41,2409687,1175720,1233967
1969,42,2438891,1188174,1250717
1969,43,2453350,1193138,1260212
1969,44,2461378,1194831,1266547
1969,45,2469363,1196720,1272643
1969,46,2460507,1190955,1269552
1969,47,2428585,1174775,1253810
1969,48,2381535,1151795,1229740
1969,49,2332481,1127764,1204717
1969,50,2277866,1101080,1176786
1969,51,2228111,1076541,1151570
1969,52,2189984,1057519,1132465
1969,53,2158263,1041451,1116812
1969,54,2120393,1022298,1098095
1969,55,2078471,1000565,1077906
1969,56,2035956,977806,1058150
1969,57,1989460,952489,1036971
1969,58,1937145,924133,1013012
1969,59,1881960,894427,987533
1969,60,1830333,866287,964046
1969,61,1765604,832384,933220
1969,62,1692902,793648,899254
1969,63,1621868,754131,867737
1969,64,1556698,716735,839963
1969,65,1488120,678637,809483
1969,66,1426484,643455,783029
1969,67,1374516,614039,760477
1969,68,1324240,586915,737325
1969,69,1266546,557079,709467
1969,70,1205143,524742,680401
1969,71,1146136,493613,652523
1969,72,1085805,462899,622906
1969,73,1023647,432637,591010
1969,74,960394,402218,558176
1969,75,904503,375963,528540
1969,76,844551,348880,495671
1969,77,774174,317343,456831
1969,78,697112,282976,414136
1969,79,623926,250690,373236
1969,80,559029,222159,336870
1969,81,495767,194665,301102
1969,82,439600,170176,269424
1969,83,389645,148393,241252
1969,84,343637,128851,214786
1969,85,1307490,458991,848499
1970,0,3508096,1790508,1717588
1970,1,3401442,1732276,1669166
1970,2,3295270,1681618,1613652
1970,3,3406502,1735078,1671424
1970,4,3554881,1811647,1743234
1970,5,3756969,1913750,1843219
1970,6,3946319,2010401,1935918
1970,7,4019585,2048658,1970927
1970,8,4032394,2055054,1977340
1970,9,4164170,2123832,2040338
1970,10,4263921,2173641,2090280
1970,11,4138932,2106867,2032065
1970,12,4175165,2128690,2046475
1970,13,4174574,2125671,2048903
1970,14,4100251,2087598,2012653
1970,15,4043855,2061974,1981881
1970,16,3931856,2000789,1931067
1970,17,3847703,1957587,1890116
1970,18,3781499,1913716,1867783
1970,19,3728184,1881903,1846281
1970,20,3653488,1848135,1805353
1970,21,3556227,1800203,1756024
1970,22,3494642,1757295,1737347
1970,23,3716091,1860521,1855570
1970,24,2781658,1388785,1392873
1970,25,2802151,1396499,1405652
1970,26,2804268,1393335,1410933
1970,27,3000699,1488871,1511828
1970,28,2641863,1309125,1332738
1970,29,2487167,1233264,1253903
1970,30,2487628,1231863,1255765
1970,31,2320918,1147209,1173709
1970,32,2305215,1136720,1168495
1970,33,2218979,1092276,1126703
1970,34,2254644,1107491,1147153
1970,35,2225239,1096039,1129200
1970,36,2184809,1072198,1112611
1970,37,2222057,1086916,1135141
1970,38,2230004,1094009,1135995
1970,39,2292567,1125722,1166845
1970,40,2422721,1184684,1238037
1970,41,2363323,1154549,1208774
1970,42,2397821,1170766,1227055
1970,43,2392199,1164194,1228005
1970,44,2418912,1172484,1246428
1970,45,2465964,1192280,1273684
1970,46,2433301,1175087,1258214
1970,47,2415765,1165018,1250747
1970,48,2448256,1184471,1263785
1970,49,2387341,1156408,1230933
1970,50,2427106,1172397,1254709
1970,51,2299963,1105995,1193968
1970,52,2199245,1060320,1138925
1970,53,2130839,1026314,1104525
1970,54,2108622,1014671,1093951
1970,55,2105906,1011813,1094093
1970,56,2050273,984655,1065618
1970,57,2010442,959529,1050913
1970,58,1942941,925843,1017098
1970,59,1896914,899382,997532
1970,60,1912080,903314,1008766
1970,61,1791616,841000,950616
1970,62,1732996,809970,923026
1970,63,1640281,761967,878314
1970,64,1598736,735620,863116
1970,65,1550071,706601,843470
1970,66,1475305,666122,809183
1970,67,1408965,629797,779168
1970,68,1287308,570692,716616
1970,69,1304600,565585,739015
1970,70,1271974,546846,725128
1970,71,1146673,489228,657445
1970,72,1056582,449521,607061
1970,73,1013178,428927,584251
1970,74,978334,407575,570759
1970,75,919310,380169,539141
1970,76,839268,345547,493721
1970,77,787600,320291,467309
1970,78,699225,281045,418180
1970,79,625561,245642,379919
1970,80,605554,235718,369836
1970,81,539114,208358,330756
1970,82,445989,170352,275637
1970,83,382693,143516,239177
1970,84,338932,125396,213536
1970,85,1430493,496483,934010
1971,0,3601094,1842884,1758210
1971,1,3489276,1778185,1711091
1971,2,3348331,1707607,1640724
1971,3,3337236,1702135,1635101
1971,4,3468031,1765616,1702415
1971,5,3556777,1814863,1741914
1971,6,3787320,1924328,1862992
1971,7,3977564,2029736,1947828
1971,8,3974264,2026653,1947611
1971,9,4099362,2090131,2009231
1971,10,4333927,2211594,2122333
1971,11,4139134,2109649,2029485
1971,12,4174936,2125557,2049379
1971,13,4192739,2134607,2058132
1971,14,4254445,2167846,2086599
1971,15,4100796,2090576,2010220
1971,16,4019319,2047164,1972155
1971,17,3953863,2009499,1944364
1971,18,3878359,1961661,1916698
1971,19,3836171,1939069,1897102
1971,20,3796605,1924352,1872253
1971,21,3553466,1798547,1754919
1971,22,3509578,1759447,1750131
1971,23,3459578,1728507,1731071
1971,24,3839808,1919125,1920683
1971,25,2756978,1379621,1377357
1971,26,2773244,1380257,1392987
1971,27,2847814,1410743,1437071
1971,28,3003167,1489382,1513785
1971,29,2660149,1319618,1340531
1971,30,2631233,1305577,1325656
1971,31,2367317,1171201,1196116
1971,32,2343542,1154965,1188577
1971,33,2293383,1128265,1165118
1971,34,2281467,1120468,1160999
1971,35,2252836,1105625,1147211
1971,36,2222348,1092536,1129812
1971,37,2184977,1070786,1114191
1971,38,2219512,1085605,1133907
1971,39,2240196,1099596,1140600
1971,40,2304588,1132411,1172177
1971,41,2422420,1185216,1237204
1971,42,2361689,1153960,1207729
1971,43,2386965,1165284,1221681
1971,44,2382516,1158852,1223664
1971,45,2405799,1164862,1240937
1971,46,2450645,1183946,1266699
1971,47,2423579,1169314,1254265
1971,48,2407120,1158749,1248371
1971,49,2454763,1185351,1269412
1971,50,2374820,1148649,1226171
1971,51,2426681,1169835,1256846
1971,52,2288583,1097877,1190706
1971,53,2180835,1049095,1131740
1971,54,2105749,1011693,1094056
1971,55,2082108,998805,1083303
1971,56,2081236,996362,1084874
1971,57,2024298,968525,1055773
1971,58,1982253,941549,1040704
1971,59,1919926,910284,1009642
1971,60,1856716,875491,981225
1971,61,1885972,886880,999092
1971,62,1772301,825184,947117
1971,63,1724388,797520,926868
1971,64,1633125,748868,884257
1971,65,1585875,720541,865334
1971,66,1532190,688795,843395
1971,67,1445724,645396,800328
1971,68,1367181,605096,762085
1971,69,1238556,544330,694226
1971,70,1239995,531810,708185
1971,71,1223707,521292,702415
1971,72,1091316,460001,631315
1971,73,1002799,421251,581548
1971,74,956616,398877,557739
1971,75,924315,378506,545809
1971,76,869665,353216,516449
1971,77,791081,319364,471717
1971,78,745950,297607,448343
1971,79,655410,257870,397540
1971,80,579633,221534,358099
1971,81,567154,215780,351374
1971,82,501102,188680,312422
1971,83,409310,151984,257326
1971,84,346871,126958,219913
1971,85,1487010,509973,977037
1972,0,3305565,1688622,1616943
1972,1,3567411,1823076,1744335
1972,2,3439449,1754942,1684507
1972,3,3392093,1729006,1663087
1972,4,3396835,1732055,1664780
1972,5,3468940,1768012,1700928
1972,6,3582479,1823972,1758507
1972,7,3823954,1946311,1877643
1972,8,3922524,2002702,1919822
1972,9,4048928,2065242,1983686
1972,10,4256429,2171946,2084483
1972,11,4215705,2150606,2065099
1972,12,4166881,2124100,2042781
1972,13,4193163,2132378,2060785
1972,14,4266512,2173042,2093470
1972,15,4257060,2172079,2084981
1972,16,4077625,2075960,2001665
1972,17,4037981,2054479,1983502
1972,18,3975748,2010225,1965523
1972,19,3947500,1995159,1952341
1972,20,3895789,1977039,1918750
1972,21,3696985,1875145,1821840
1972,22,3510975,1761503,1749472
1972,23,3481136,1735631,1745505
1972,24,3568208,1780631,1787577
1972,25,3810706,1909521,1901185
1972,26,2730854,1365035,1365819
1972,27,2815750,1397176,1418574
1972,28,2837491,1404443,1433048
1972,29,3045673,1511490,1534183
1972,30,2795484,1388021,1407463
1972,31,2510244,1244310,1265934
1972,32,2389361,1178649,1210712
1972,33,2329854,1145490,1184364
1972,34,2358520,1158172,1200348
1972,35,2275416,1117237,1158179
1972,36,2245082,1099674,1145408
1972,37,2222773,1091031,1131742
1972,38,2177719,1067160,1110559
1972,39,2237432,1094811,1142621
1972,40,2255241,1107944,1147297
1972,41,2294800,1128037,1166763
1972,42,2421323,1184801,1236522
1972,43,2348590,1147365,1201225
1972,44,2381131,1161746,1219385
1972,45,2368042,1149996,1218046
1972,46,2390643,1156878,1233765
1972,47,2442225,1178902,1263323
1972,48,2410240,1160148,1250092
1972,49,2421471,1163256,1258215
1972,50,2430489,1172460,1258029
1972,51,2381271,1149446,1231825
1972,52,2414096,1161083,1253013
1972,53,2272102,1087932,1184170
1972,54,2155553,1034551,1121002
1972,55,2078269,995366,1082903
1972,56,2058659,983869,1074790
1972,57,2056295,980711,1075584
1972,58,1996197,949895,1046302
1972,59,1964521,928453,1036068
1972,60,1866721,880448,986273
1972,61,1843374,865567,977807
1972,62,1868900,871486,997414
1972,63,1762498,812424,950074
1972,64,1715315,783125,932190
1972,65,1617903,732391,885512
1972,66,1565388,701209,864179
1972,67,1499968,666993,832975
1972,68,1403814,619979,783835
1972,69,1317163,577926,739237
1972,70,1165820,505837,659983
1972,71,1200090,509924,690166
1972,72,1164701,489586,675115
1972,73,1041074,432833,608241
1972,74,946418,390529,555889
1972,75,902220,369129,533091
1972,76,877299,352107,525192
1972,77,821522,326669,494853
1972,78,751913,297834,454079
1972,79,698374,272812,425562
1972,80,600143,229560,370583
1972,81,545217,203574,341643
1972,82,526766,194666,332100
1972,83,462095,169036,293059
1972,84,369492,134037,235455
1972,85,1542441,522129,1020312
1973,0,3128246,1598306,1529940
1973,1,3262329,1664339,1597990
1973,2,3522332,1801880,1720452
1973,3,3485898,1777555,1708343
1973,4,3452041,1759251,1692790
1973,5,3396993,1733648,1663345
1973,6,3491086,1775904,1715182
1973,7,3623683,1848116,1775567
1973,8,3761820,1915608,1846212
1973,9,4005252,2044981,1960271
1973,10,4194673,2141835,2052838
1973,11,4149643,2116561,2033082
1973,12,4236385,2161473,2074912
1973,13,4186826,2132423,2054403
1973,14,4262073,2167663,2094410
1973,15,4273105,2179318,2093787
1973,16,4236799,2158236,2078563
1973,17,4095001,2082759,2012242
1973,18,4052657,2052470,2000187
1973,19,4061281,2052366,2008915
1973,20,3998373,2027942,1970431
1973,21,3797654,1927896,1869758
1973,22,3655348,1838574,1816774
1973,23,3487642,1740925,1746717
1973,24,3582406,1784485,1797921
1973,25,3547445,1774212,1773233
1973,26,3774520,1890311,1884209
1973,27,2771417,1381412,1390005
1973,28,2792958,1384648,1408310
1973,29,2899904,1435995,1463909
1973,30,3177852,1579100,1598752
1973,31,2673715,1326084,1347631
1973,32,2531847,1251222,1280625
1973,33,2373292,1167651,1205641
1973,34,2396127,1176301,1219826
1973,35,2347687,1153346,1194341
1973,36,2262621,1108845,1153776
1973,37,2245782,1098268,1147514
1973,38,2210794,1085319,1125475
1973,39,2203108,1080055,1123053
1973,40,2256186,1105312,1150874
1973,41,2236841,1099258,1137583
1973,42,2294161,1127678,1166483
1973,43,2406060,1177194,1228866
1973,44,2346827,1145684,1201143
1973,45,2365456,1151659,1213797
1973,46,2353253,1142293,1210960
1973,47,2383629,1152399,1231230
1973,48,2424640,1166833,1257807
1973,49,2433195,1168489,1264706
1973,50,2386051,1145262,1240789
1973,51,2445651,1177183,1268468
1973,52,2367807,1139983,1227824
1973,53,2400538,1152729,1247809
1973,54,2246798,1073426,1173372
1973,55,2127097,1017679,1109418
1973,56,2055940,980894,1075046
1973,57,2034584,968657,1065927
1973,58,2027978,961350,1066628
1973,59,1983358,939178,1044180
1973,60,1897202,892288,1004914
1973,61,1865564,876908,988656
1973,62,1827066,850010,977056
1973,63,1859114,859139,999975
1973,64,1750243,796414,953829
1973,65,1698598,765768,932830
1973,66,1594781,711768,883013
1973,67,1530467,678635,851832
1973,68,1458335,641386,816949
1973,69,1353465,592750,760715
1973,70,1232619,533771,698848
1973,71,1134140,487698,646442
1973,72,1139517,476858,662659
1973,73,1119838,464833,655005
1973,74,985307,402041,583266
1973,75,892135,360766,531369
1973,76,857800,343718,514082
1973,77,829257,325651,503606
1973,78,785936,307266,478670
1973,79,700339,271793,428546
1973,80,632789,240281,392508
1973,81,570527,214408,356119
1973,82,501303,180977,320326
1973,83,483987,173413,310574
1973,84,417054,149410,267644
1973,85,1606740,538078,1068662
1974,0,3065474,1569498,1495976
1974,1,3076817,1570345,1506472
1974,2,3227239,1647899,1579340
1974,3,3571284,1825770,1745514
1974,4,3545915,1808096,1737819
1974,5,3450079,1759446,1690633
1974,6,3414384,1739690,1674694
1974,7,3536215,1801922,1734293
1974,8,3555210,1813938,1741272
1974,9,3849313,1959733,1889580
1974,10,4139447,2116231,2023216
1974,11,4098453,2091570,2006883
1974,12,4162888,2123640,2039248
1974,13,4258683,2171634,2087049
1974,14,4251081,2164826,2086255
1974,15,4273266,2176425,2096841
1974,16,4257208,2167279,2089929
1974,17,4253657,2165123,2088534
1974,18,4102644,2078357,2024287
1974,19,4154823,2103515,2051308
1974,20,4102553,2079336,2023217
1974,21,3900766,1978049,1922717
1974,22,3756547,1891536,1865011
1974,23,3635084,1819445,1815639
1974,24,3580457,1785697,1794760
1974,25,3566868,1779778,1787090
1974,26,3515744,1757251,1758493
1974,27,3824862,1910697,1914165
1974,28,2737606,1363026,1374580
1974,29,2876037,1426005,1450032
1974,30,3007714,1491520,1516194
1974,31,3047968,1512763,1535205
1974,32,2694785,1332434,1362351
1974,33,2512797,1238332,1274465
1974,34,2441019,1199576,1241443
1974,35,2380890,1169977,1210913
1974,36,2329766,1142265,1187501
1974,37,2264038,1107510,1156528
1974,38,2229425,1090421,1139004
1974,39,2244801,1102278,1142523
1974,40,2225105,1092267,1132838
1974,41,2229195,1092257,1136938
1974,42,2236552,1098833,1137719
1974,43,2277211,1119047,1158164
1974,44,2408506,1177409,1231097
1974,45,2330127,1134446,1195681
1974,46,2351167,1144326,1206841
1974,47,2348110,1138635,1209475
1974,48,2362543,1137849,1224694
1974,49,2456746,1179327,1277419
1974,50,2386889,1145685,1241204
1974,51,2409373,1153747,1255626
1974,52,2431597,1167346,1264251
1974,53,2356947,1133213,1223734
1974,54,2375247,1138497,1236750
1974,55,2217740,1056334,1161406
1974,56,2106654,1004156,1102498
1974,57,2033465,966524,1066941
1974,58,2006778,948945,1057833
1974,59,2021247,953628,1067619
1974,60,1903449,897373,1006076
1974,61,1910517,896311,1014206
1974,62,1851218,861881,989337
1974,63,1816165,837780,978385
1974,64,1846090,842754,1003336
1974,65,1732362,778637,953725
1974,66,1675017,744987,930030
1974,67,1558455,689230,869225
1974,68,1490560,653640,836920
1974,69,1407520,614323,793197
1974,70,1258581,543806,714775
1974,71,1211742,521330,690412
1974,72,1074128,454388,619740
1974,73,1100498,454759,645739
1974,74,1065364,434255,631109
1974,75,932416,372938,559478
1974,76,851913,337013,514900
1974,77,811685,318197,493488
1974,78,798790,308946,489844
1974,79,731586,280268,451318
1974,80,627172,236160,391012
1974,81,611424,229348,382076
1974,82,525655,191234,334421
1974,83,456169,158822,297347
1974,84,434142,152316,281826
1974,85,1706304,565110,1141194
1975,0,3152345,1613362,1538983
1975,1,3005595,1537368,1468227
1975,2,3051605,1558624,1492981
1975,3,3276743,1672052,1604691
1975,4,3635195,1858627,1776568
1975,5,3545888,1808967,1736921
1975,6,3467501,1765972,1701529
1975,7,3467426,1769713,1697713
1975,8,3463857,1765690,1698167
1975,9,3649460,1861225,1788235
1975,10,3972391,2025616,1946775
1975,11,4056388,2072501,1983887
1975,12,4106910,2096340,2010570
1975,13,4189041,2136544,2052497
1975,14,4321156,2202701,2118455
1975,15,4268471,2176953,2091518
1975,16,4263489,2167141,2096348
1975,17,4274385,2174735,2099650
1975,18,4255537,2158921,2096616
1975,19,4222944,2139153,2083791
1975,20,4187886,2125555,2062331
1975,21,4007933,2030220,1977713
1975,22,3862914,1943597,1919317
1975,23,3742778,1876070,1866708
1975,24,3725325,1863415,1861910
1975,25,3572437,1783915,1788522
1975,26,3538718,1764628,1774090
1975,27,3564531,1777014,1787517
1975,28,3762889,1877464,1885425
1975,29,2841781,1414459,1427322
1975,30,2966547,1473201,1493346
1975,31,2893216,1432779,1460437
1975,32,3070791,1519489,1551302
1975,33,2673948,1318337,1355611
1975,34,2586404,1273737,1312667
1975,35,2422829,1192641,1230188
1975,36,2359517,1157233,1202284
1975,37,2333477,1141938,1191539
1975,38,2244458,1098271,1146187
1975,39,2273389,1112141,1161248
1975,40,2272232,1117514,1154718
1975,41,2191105,1075632,1115473
1975,42,2230660,1092573,1138087
1975,43,2218980,1089860,1129120
1975,44,2284183,1121388,1162795
1975,45,2391229,1165327,1225902
1975,46,2317277,1128140,1189137
1975,47,2348673,1142109,1206564
1975,48,2324153,1122162,1201991
1975,49,2403030,1154422,1248608
1975,50,2399716,1151923,1247793
1975,51,2419176,1158542,1260634
1975,52,2395310,1143879,1251431
1975,53,2424569,1162843,1261726
1975,54,2333508,1120060,1213448
1975,55,2346160,1121442,1224718
1975,56,2200058,1044258,1155800
1975,57,2086289,990878,1095411
1975,58,2006936,946856,1060080
1975,59,2006314,944319,1061995
1975,60,1928253,906129,1022124
1975,61,1931107,909091,1022016
1975,62,1899484,882401,1017083
1975,63,1839876,850030,989846
1975,64,1800531,820393,980138
1975,65,1827810,824789,1003021
1975,66,1707370,757324,950046
1975,67,1636899,722362,914537
1975,68,1519930,664590,855340
1975,69,1440341,627086,813255
1975,70,1300705,559832,740873
1975,71,1248110,536585,711525
1975,72,1149406,486414,662992
1975,73,1038666,433625,605041
1975,74,1047781,424518,623263
1975,75,1013748,405468,608280
1975,76,896927,350924,546003
1975,77,807752,312252,495500
1975,78,785263,303543,481720
1975,79,742366,281212,461154
1975,80,650375,241397,408978
1975,81,612719,228547,384172
1975,82,566180,205654,360526
1975,83,479380,168511,310869
1975,84,403527,137075,266452
1975,85,1821040,593777,1227263
1976,0,3115391,1592844,1522547
1976,1,3079357,1574751,1504606
1976,2,2986220,1528249,1457971
1976,3,3100598,1582492,1518106
1976,4,3335549,1702437,1633112
1976,5,3634324,1858764,1775560
1976,6,3560219,1814421,1745798
1976,7,3526690,1799189,1727501
1976,8,3387656,1729528,1658128
1976,9,3562384,1814684,1747700
1976,10,3756460,1919281,1837179
1976,11,3900197,1987259,1912938
1976,12,4055659,2072455,1983204
1976,13,4132265,2109328,2022937
1976,14,4243008,2162627,2080381
1976,15,4340062,2215743,2124319
1976,16,4259631,2167686,2091945
1976,17,4275907,2172544,2103363
1976,18,4265516,2164399,2101117
1976,19,4393025,2228971,2164054
1976,20,4243079,2153490,2089589
1976,21,4093340,2075205,2018135
1976,22,3970413,1995727,1974686
1976,23,3852956,1929992,1922964
1976,24,3826361,1916771,1909590
1976,25,3721512,1862718,1858794
1976,26,3545226,1768962,1776264
1976,27,3585646,1783184,1802462
1976,28,3490185,1737125,1753060
1976,29,3931716,1960519,1971197
1976,30,2912673,1451995,1460678
1976,31,2860541,1418130,1442411
1976,32,2914670,1438603,1476067
1976,33,3043499,1501253,1542246
1976,34,2753188,1356780,1396408
1976,35,2562647,1264785,1297862
1976,36,2396170,1177075,1219095
1976,37,2363665,1156831,1206834
1976,38,2308235,1129991,1178244
1976,39,2296776,1123915,1172861
1976,40,2304558,1129362,1175196
1976,41,2228690,1096034,1132656
1976,42,2192835,1075874,1116961
1976,43,2211075,1082569,1128506
1976,44,2229200,1093594,1135606
1976,45,2266037,1108311,1157726
1976,46,2378001,1159010,1218991
1976,47,2315799,1126282,1189517
1976,48,2320528,1122750,1197778
1976,49,2371690,1141942,1229748
1976,50,2335316,1122078,1213238
1976,51,2440346,1168579,1271767
1976,52,2403540,1147631,1255909
1976,53,2390178,1140373,1249805
1976,54,2400661,1149527,1251134
1976,55,2303077,1102293,1200784
1976,56,2329991,1110195,1219796
1976,57,2179968,1031161,1148807
1976,58,2059645,970546,1089099
1976,59,2011432,944683,1066749
1976,60,1901134,891513,1009621
1976,61,1970410,925398,1045012
1976,62,1921812,895572,1026240
1976,63,1887693,870859,1016834
1976,64,1820831,831159,989672
1976,65,1779323,801253,978070
1976,66,1801871,803146,998725
1976,67,1666707,734266,932441
1976,68,1599695,698043,901652
1976,69,1470385,638650,831735
1976,70,1322033,567126,754907
1976,71,1302736,558895,743841
1976,72,1184467,500451,684016
1976,73,1120924,468772,652152
1976,74,988452,404333,584119
1976,75,996921,395893,601028
1976,76,985573,386492,599081
1976,77,853527,326384,527143
1976,78,783383,298591,484792
1976,79,725770,274785,450985
1976,80,651460,238536,412924
1976,81,643468,237745,405723
1976,82,565230,203857,361373
1976,83,517210,181773,335437
1976,84,422671,145796,276875
1976,85,1896295,605819,1290476
1977,0,3278804,1679661,1599143
1977,1,3031462,1548926,1482536
1977,2,3063419,1567180,1496239
1977,3,3034854,1551964,1482890
1977,4,3155120,1610944,1544176
1977,5,3333554,1701703,1631851
1977,6,3644207,1862542,1781665
1977,7,3625593,1850960,1774633
1977,8,3435855,1753341,1682514
1977,9,3490526,1780461,1710065
1977,10,3656833,1866707,1790126
1977,11,3695735,1886591,1809144
1977,12,3891370,1983142,1908228
1977,13,4081028,2086076,1994952
1977,14,4178966,2131155,2047811
1977,15,4264166,2176820,2087346
1977,16,4333169,2206848,2126321
1977,17,4268477,2171505,2096972
1977,18,4257434,2158589,2098845
1977,19,4417073,2242052,2175021
1977,20,4400497,2236042,2164455
1977,21,4149501,2102784,2046717
1977,22,4056115,2041230,2014885
1977,23,3964026,1984536,1979490
1977,24,3929083,1967682,1961401
1977,25,3826800,1917930,1908870
1977,26,3693845,1848204,1845641
1977,27,3589831,1787145,1802686
1977,28,3494422,1735305,1759117
1977,29,3672595,1826754,1845841
1977,30,4000734,1999444,2001290
1977,31,2815514,1401181,1414333
1977,32,2880847,1423372,1457475
1977,33,2887476,1420466,1467010
1977,34,3136162,1546988,1589174
1977,35,2722642,1345672,1376970
1977,36,2528601,1245611,1282990
1977,37,2400270,1176678,1223592
1977,38,2332394,1142294,1190100
1977,39,2369817,1160299,1209518
1977,40,2331327,1143244,1188083
1977,41,2251042,1103131,1147911
1977,42,2230600,1096365,1134235
1977,43,2171159,1064894,1106265
1977,44,2224619,1087887,1136732
1977,45,2209811,1079531,1130280
1977,46,2253199,1102380,1150819
1977,47,2377766,1157794,1219972
1977,48,2284194,1104687,1179507
1977,49,2376177,1146494,1229683
1977,50,2294077,1105292,1188785
1977,51,2383193,1142330,1240863
1977,52,2424062,1157446,1266616
1977,53,2401390,1146038,1255352
1977,54,2366486,1127439,1239047
1977,55,2369269,1131316,1237953
1977,56,2287932,1091284,1196648
1977,57,2310159,1097108,1213051
1977,58,2154049,1010201,1143848
1977,59,2070191,971123,1099068
1977,60,1893305,886044,1007261
1977,61,1955363,916932,1038431
1977,62,1963589,912479,1051110
1977,63,1909245,884269,1024976
1977,64,1866559,851027,1015532
1977,65,1798332,811707,986625
1977,66,1751748,779215,972533
1977,67,1758964,780124,978840
1977,68,1631626,710755,920871
1977,69,1549926,672465,877461
1977,70,1340517,573232,767285
1977,71,1335833,571906,763927
1977,72,1236501,520873,715628
1977,73,1162381,485424,676957
1977,74,1072264,439415,632849
1977,75,938830,376042,562788
1977,76,973432,378492,594940
1977,77,944545,362430,582115
1977,78,834999,315332,519667
1977,79,723205,269800,453405
1977,80,628694,229347,399347
1977,81,652138,238281,413857
1977,82,594765,211889,382876
1977,83,515163,179350,335813
1977,84,456302,157832,298470
1977,85,1991680,627118,1364562
1978,0,3326388,1702179,1624209
1978,1,3178511,1627354,1551157
1978,2,3022264,1544519,1477745
1978,3,3117040,1593363,1523677
1978,4,3090801,1581422,1509379
1978,5,3156246,1611500,1544746
1978,6,3343315,1706027,1637288
1978,7,3721084,1905153,1815931
1978,8,3527457,1801291,1726166
1978,9,3551925,1810557,1741368
1978,10,3578599,1829660,1748939
1978,11,3609470,1840620,1768850
1978,12,3684367,1881078,1803289
1978,13,3921073,1999380,1921693
1978,14,4126053,2106467,2019586
1978,15,4208291,2149534,2058757
1978,16,4266046,2172026,2094020
1978,17,4345269,2212650,2132619
1978,18,4247327,2157421,2089906
1978,19,4429193,2246605,2182588
1978,20,4417809,2244121,2173688
1978,21,4312079,2186210,2125869
1978,22,4118791,2071583,2047208
1978,23,4059239,2034328,2024911
1978,24,4038042,2020740,2017302
1978,25,3939843,1972546,1967297
1978,26,3804556,1905656,1898900
1978,27,3742779,1868134,1874645
1978,28,3487909,1733155,1754754
1978,29,3707919,1839260,1868659
1978,30,3720727,1854972,1865755
1978,31,3881900,1936590,1945310
1978,32,2839749,1408170,1431579
1978,33,2858221,1407063,1451158
1978,34,2979500,1466213,1513287
1978,35,3100910,1534971,1565939
1978,36,2685064,1324431,1360633
1978,37,2537539,1247084,1290455
1978,38,2366745,1160936,1205809
1978,39,2406607,1178421,1228186
1978,40,2412529,1183724,1228805
1978,41,2271342,1113495,1157847
1978,42,2256218,1104651,1151567
1978,43,2209173,1085242,1123931
1978,44,2190694,1072835,1117859
1978,45,2206330,1073660,1132670
1978,46,2200002,1075138,1124864
1978,47,2256874,1103004,1153870
1978,48,2345248,1134845,1210403
1978,49,2349475,1132835,1216640
1978,50,2289787,1105763,1184024
1978,51,2351038,1129752,1221286
1978,52,2368039,1131416,1236623
1978,53,2426806,1158337,1268469
1978,54,2380002,1134181,1245821
1978,55,2336478,1109728,1226750
1978,56,2357458,1121799,1235659
1978,57,2271458,1079806,1191652
1978,58,2287211,1076559,1210652
1978,59,2172836,1014683,1158153
1978,60,1937220,905800,1031420
1978,61,1961844,918861,1042983
1978,62,1950836,904679,1046157
1978,63,1951261,901900,1049361
1978,64,1885688,863458,1022230
1978,65,1842735,831060,1011675
1978,66,1768230,788633,979597
1978,67,1706417,755703,950714
1978,68,1726241,757283,968958
1978,69,1581887,685353,896534
1978,70,1403978,599359,804619
1978,71,1364772,582857,781915
1978,72,1266367,531577,734790
1978,73,1221003,508535,712468
1978,74,1113647,455364,658283
1978,75,1021824,410407,611417
1978,76,911426,356556,554870
1978,77,931770,354026,577744
1978,78,935241,356824,578417
1978,79,770914,285253,485661
1978,80,617301,221123,396178
1978,81,632018,230671,401347
1978,82,600711,211198,389513
1978,83,540861,185783,355078
1978,84,449750,154337,295413
1978,85,2094958,652137,1442821
1979,0,3426309,1752964,1673345
1979,1,3211427,1642762,1568665
1979,2,3173548,1624899,1548649
1979,3,3077017,1571224,1505793
1979,4,3174581,1623880,1550701
1979,5,3092294,1581859,1510435
1979,6,3163905,1615247,1548658
1979,7,3421248,1748870,1672378
1979,8,3613454,1850438,1763016
1979,9,3655724,1864343,1791381
1979,10,3634230,1857389,1776841
1979,11,3541822,1808792,1733030
1979,12,3593400,1832769,1760631
1979,13,3715376,1898472,1816904
1979,14,3960321,2016268,1944053
1979,15,4159794,2127010,2032784
1979,16,4214501,2146324,2068177
1979,17,4276495,2177000,2099495
1979,18,4316231,2195653,2120578
1979,19,4434889,2254143,2180746
1979,20,4419481,2242660,2176821
1979,21,4334896,2196820,2138076
1979,22,4284816,2157740,2127076
1979,23,4129391,2069888,2059503
1979,24,4127989,2069298,2058691
1979,25,4056482,2029435,2027047
1979,26,3919839,1962220,1957619
1979,27,3853208,1926018,1927190
1979,28,3621118,1804088,1817030
1979,29,3727046,1849577,1877469
1979,30,3733982,1857067,1876915
1979,31,3619819,1800974,1818845
1979,32,3907187,1942365,1964822
1979,33,2815685,1390658,1425027
1979,34,2948258,1452454,1495804
1979,35,2941406,1453251,1488155
1979,36,3050832,1507329,1543503
1979,37,2695152,1326200,1368952
1979,38,2496870,1228092,1268778
1979,39,2451245,1202085,1249160
1979,40,2454323,1204620,1249703
1979,41,2342000,1148742,1193258
1979,42,2277691,1115452,1162239
1979,43,2233036,1092687,1140349
1979,44,2233444,1095405,1138039
1979,45,2171900,1057929,1113971
1979,46,2196871,1069720,1127151
1979,47,2205236,1076575,1128661
1979,48,2222041,1078546,1143495
1979,49,2421037,1167994,1253043
1979,50,2253574,1088029,1165545
1979,51,2355872,1134864,1221008
1979,52,2335726,1118888,1216838
1979,53,2373821,1134199,1239622
1979,54,2405947,1147016,1258931
1979,55,2349711,1116365,1233346
1979,56,2327033,1101401,1225632
1979,57,2342711,1111053,1231658
1979,58,2247848,1058112,1189736
1979,59,2314488,1085067,1229421
1979,60,2020358,940496,1079862
1979,61,2022892,947455,1075437
1979,62,1959688,907038,1052650
1979,63,1937597,893952,1043645
1979,64,1925630,880029,1045601
1979,65,1860719,843141,1017578
1979,66,1811718,807738,1003980
1979,67,1722200,765708,956492
1979,68,1675949,733811,942138
1979,69,1674541,731561,942980
1979,70,1423281,606474,816807
1979,71,1444508,617382,827126
1979,72,1293962,541572,752390
1979,73,1257794,522305,735489
1979,74,1173380,478352,695028
1979,75,1064334,426790,637544
1979,76,1001631,393999,607632
1979,77,871161,333083,538078
1979,78,926320,350445,575875
1979,79,860125,321181,538944
1979,80,653467,232063,421404
1979,81,625233,224253,400980
1979,82,580415,203570,376845
1979,83,545463,184670,360793
1979,84,470622,159741,310881
1979,85,2196921,675963,1520958
1980,0,3559857,1819959,1739898
1980,1,3315535,1697003,1618532
1980,2,3210169,1641032,1569137
1980,3,3238099,1656800,1581299
1980,4,3127524,1599421,1528103
1980,5,3179868,1627209,1552659
1980,6,3110507,1590999,1519508
1980,7,3247691,1660137,1587554
1980,8,3328772,1702308,1626464
1980,9,3735515,1910761,1824754
1980,10,3729085,1908606,1820479
1980,11,3604713,1840223,1764490
1980,12,3526994,1800779,1726215
1980,13,3626046,1848204,1777842
1980,14,3749497,1915400,1834097
1980,15,3998828,2038599,1960229
1980,16,4170006,2130433,2039573
1980,17,4224747,2161643,2063104
1980,18,4229835,2142172,2087663
1980,19,4487524,2256718,2230806
1980,20,4372101,2193229,2178872
1980,21,4297074,2151134,2145940
1980,22,4275458,2142121,2133337
1980,23,4272306,2133812,2138494
1980,24,4168766,2082048,2086718
1980,25,4132980,2062276,2070704
1980,26,4019418,2000848,2018570
1980,27,3951351,1963195,1988156
1980,28,3700573,1837856,1862717
1980,29,3881644,1928399,1953245
1980,30,3719295,1844488,1874807
1980,31,3634043,1794918,1839125
1980,32,3635579,1796718,1838861
1980,33,3858613,1905234,1953379
1980,34,2895176,1430137,1465039
1980,35,2902454,1430371,1472083
1980,36,2886316,1417849,1468467
1980,37,3056102,1501175,1554927
1980,38,2637757,1293432,1344325
1980,39,2594105,1274861,1319244
1980,40,2488764,1219779,1268985
1980,41,2370894,1162220,1208674
1980,42,2348217,1150723,1197494
1980,43,2262250,1104484,1157766
1980,44,2258372,1101925,1156447
1980,45,2208880,1078175,1130705
1980,46,2177433,1059328,1118105
1980,47,2209363,1071786,1137577
1980,48,2147214,1043934,1103280
1980,49,2305150,1117992,1187158
1980,50,2342739,1130320,1212419
1980,51,2291497,1106597,1184900
1980,52,2345539,1128210,1217329
1980,53,2348856,1127032,1221824
1980,54,2366084,1124155,1241929
1980,55,2368641,1119824,1248817
1980,56,2338526,1106424,1232102
1980,57,2326922,1098356,1228566
1980,58,2301292,1084688,1216604
1980,59,2276001,1068621,1207380
1980,60,2183156,1021278,1161878
1980,61,2083512,969148,1114364
1980,62,2001102,927024,1074078
1980,63,1951935,900452,1051483
1980,64,1922963,879452,1043511
1980,65,1903573,862694,1040879
1980,66,1819049,816708,1002341
1980,67,1770190,787301,982889
1980,68,1686029,743285,942744
1980,69,1630638,705800,924838
1980,70,1526318,657413,868905
1980,71,1448682,615889,832793
1980,72,1378688,579817,798871
1980,73,1270301,524287,746014
1980,74,1217246,494175,723071
1980,75,1125614,450828,674786
1980,76,1042364,407457,634907
1980,77,962627,368217,594410
1980,78,886038,333174,552864
1980,79,813189,302394,510795
1980,80,727858,262589,465269
1980,81,644883,225823,419060
1980,82,570588,198428,372160
1980,83,531612,180549,351063
1980,84,480338,158816,321522
1980,85,419367,137321,282046
1980,86,367930,118289,249641
1980,87,314504,98712,215792
1980,88,262747,80441,182306
1980,89,215686,64320,151366
1980,90,173339,50336,123003
1980,91,136979,38902,98077
1980,92,106240,29572,76668
1980,93,80679,21862,58817
1980,94,60004,15758,44246
1980,95,43419,11106,32313
1980,96,30642,7690,22952
1980,97,21110,5205,15905
1980,98,14234,3485,10749
1980,99,9652,2409,7243
1980,100,15099,3244,11855
1981,0,3607440,1845697,1761743
1981,1,3436005,1757899,1678106
1981,2,3314474,1693434,1621040
1981,3,3260929,1666984,1593945
1981,4,3273871,1676077,1597794
1981,5,3128726,1599336,1529390
1981,6,3185857,1631031,1554826
1981,7,3165379,1620089,1545290
1981,8,3140834,1606578,1534256
1981,9,3439325,1757431,1681894
1981,10,3807110,1950989,1856121
1981,11,3690985,1887204,1803781
1981,12,3598921,1837136,1761785
1981,13,3553599,1813799,1739800
1981,14,3649792,1862532,1787260
1981,15,3783568,1931498,1852070
1981,16,4000951,2039883,1961068
1981,17,4173839,2139132,2034707
1981,18,4171004,2114682,2056322
1981,19,4411195,2219494,2191701
1981,20,4460084,2240640,2219444
1981,21,4299497,2157024,2142473
1981,22,4276765,2142732,2134033
1981,23,4290326,2146327,2143999
1981,24,4336172,2171172,2165000
1981,25,4202025,2098067,2103958
1981,26,4115191,2053866,2061325
1981,27,4065123,2022339,2042784
1981,28,3800948,1888790,1912158
1981,29,3985769,1986307,1999462
1981,30,3860004,1914448,1945556
1981,31,3639953,1801463,1838490
1981,32,3660642,1808784,1851858
1981,33,3595650,1773696,1821954
1981,34,3975216,1970415,2004801
1981,35,2860944,1409659,1451285
1981,36,2863290,1406758,1456532
1981,37,2899617,1422143,1477474
1981,38,2976210,1461956,1514254
1981,39,2766048,1360954,1405094
1981,40,2599132,1273686,1325446
1981,41,2397799,1175594,1222205
1981,42,2382808,1168453,1214355
1981,43,2365590,1155887,1209703
1981,44,2282952,1116413,1166539
1981,45,2216428,1081053,1135375
1981,46,2248338,1095174,1153164
1981,47,2202038,1071720,1130318
1981,48,2080426,1013276,1067150
1981,49,2237674,1086767,1150907
1981,50,2307528,1107702,1199826
1981,51,2271559,1102024,1169535
1981,52,2284778,1101086,1183692
1981,53,2361559,1139123,1222436
1981,54,2369207,1128386,1240821
1981,55,2298567,1086201,1212366
1981,56,2340465,1106673,1233792
1981,57,2373818,1120293,1253525
1981,58,2223827,1044415,1179412
1981,59,2317754,1085913,1231841
1981,60,2268018,1062928,1205090
1981,61,2129645,994121,1135524
1981,62,1989414,920673,1068741
1981,63,2001878,928482,1073396
1981,64,1970437,900385,1070052
1981,65,1905065,864906,1040159
1981,66,1829337,822067,1007270
1981,67,1791763,796780,994983
1981,68,1708596,752597,955999
1981,69,1663222,719835,943387
1981,70,1558336,670764,887572
1981,71,1481231,629391,851840
1981,72,1404413,590133,814280
1981,73,1300022,536570,763452
1981,74,1247885,506181,741704
1981,75,1157454,463599,693855
1981,76,1070941,419043,651898
1981,77,989587,378617,610970
1981,78,907298,340792,566506
1981,79,832891,308751,524140
1981,80,744184,268088,476096
1981,81,660778,231064,429714
1981,82,585872,203255,382617
1981,83,542091,183544,358547
1981,84,490656,161550,329106
1981,85,420790,134699,286091
1981,86,371580,117771,253809
1981,87,322701,100443,222258
1981,88,270930,82144,188786
1981,89,226963,66906,160057
1981,90,181214,52083,129131
1981,91,143764,40164,103600
1981,92,112300,30715,81585
1981,93,86659,23324,63335
1981,94,65276,17075,48201
1981,95,46962,11711,35251
1981,96,33416,8120,25296
1981,97,23379,5648,17731
1981,98,15748,3716,12032
1981,99,10402,2329,8073
1981,100,17091,3684,13407
1982,0,3643570,1863698,1779872
1982,1,3489139,1785996,1703143
1982,2,3436728,1755756,1680972
1982,3,3361224,1717396,1643828
1982,4,3297168,1686569,1610599
1982,5,3273883,1675690,1598193
1982,6,3133165,1602374,1530791
1982,7,3235675,1657479,1578196
1982,8,3057900,1566118,1491782
1982,9,3257322,1665080,1592242
1982,10,3499586,1791596,1707990
1982,11,3763436,1926501,1836935
1982,12,3682678,1882801,1799877
1982,13,3623857,1849213,1774644
1982,14,3575021,1827229,1747792
1982,15,3681408,1877750,1803658
1982,16,3787043,1934125,1852918
1982,17,4013718,2052828,1960890
1982,18,4124549,2096078,2028471
1982,19,4354966,2192371,2162595
1982,20,4383331,2203476,2179855
1982,21,4384664,2202593,2182071
1982,22,4269904,2142616,2127288
1982,23,4285965,2143712,2142253
1982,24,4358269,2184982,2173287
1982,25,4361388,2182810,2178578
1982,26,4182796,2088189,2094607
1982,27,4158071,2073895,2084176
1982,28,3901936,1940734,1961202
1982,29,4099510,2043104,2056406
1982,30,3953412,1966024,1987388
1982,31,3772524,1866854,1905670
1982,32,3662352,1812869,1849483
1982,33,3619429,1784315,1835114
1982,34,3705838,1836266,1869572
1982,35,3920880,1936804,1984076
1982,36,2820430,1385894,1434536
1982,37,2876378,1411222,1465156
1982,38,2811802,1378821,1432981
1982,39,3136626,1545834,1590792
1982,40,2761282,1354748,1406534
1982,41,2507772,1229115,1278657
1982,42,2407673,1181155,1226518
1982,43,2394773,1170723,1224050
1982,44,2392734,1171741,1220993
1982,45,2240633,1095012,1145621
1982,46,2244011,1092311,1151700
1982,47,2272028,1106646,1165382
1982,48,2075050,1013076,1061974
1982,49,2179757,1061281,1118476
1982,50,2232824,1074090,1158734
1982,51,2235060,1077944,1157116
1982,52,2263467,1095978,1167489
1982,53,2299708,1110677,1189031
1982,54,2382771,1141720,1241051
1982,55,2301151,1090186,1210965
1982,56,2276563,1075581,1200982
1982,57,2372641,1119267,1253374
1982,58,2261921,1062343,1199578
1982,59,2250301,1051313,1198988
1982,60,2303173,1075375,1227798
1982,61,2211964,1035118,1176846
1982,62,2041123,947893,1093230
1982,63,1990177,922297,1067880
1982,64,2020879,928190,1092689
1982,65,1947325,883432,1063893
1982,66,1835044,826637,1008407
1982,67,1805188,803904,1001284
1982,68,1725417,759744,965673
1982,69,1690499,731507,958992
1982,70,1590722,684652,906070
1982,71,1513441,643271,870170
1982,72,1431028,601112,829916
1982,73,1330449,549664,780785
1982,74,1278787,518832,759955
1982,75,1189359,476265,713094
1982,76,1100369,431096,669273
1982,77,1018976,390303,628673
1982,78,933574,350879,582695
1982,79,854848,315784,539064
1982,80,763730,274795,488935
1982,81,679188,237512,441676
1982,82,603825,208777,395048
1982,83,556727,188156,368571
1982,84,502278,165031,337247
1982,85,433601,138443,295158
1982,86,373452,115720,257732
1982,87,326853,100221,226632
1982,88,278382,83849,194533
1982,89,237543,69284,168259
1982,90,189530,53743,135787
1982,91,151362,41775,109587
1982,92,119906,32440,87466
1982,93,92962,24705,68257
1982,94,70904,18459,52445
1982,95,51444,12840,38604
1982,96,36721,8805,27916
1982,97,26028,6154,19874
1982,98,17689,4129,13560
1982,99,11901,2624,9277
1982,100,18429,3423,15006
1983,0,3649184,1867842,1781342
1983,1,3530264,1806495,1723769
1983,2,3490553,1784618,1705935
1983,3,3478505,1777030,1701475
1983,4,3398377,1737493,1660884
1983,5,3295766,1685561,1610205
1983,6,3275929,1677322,1598607
1983,7,3176388,1625218,1551170
1983,8,3122449,1600616,1521833
1983,9,3182719,1629348,1553371
1983,10,3308761,1694562,1614199
1983,11,3456456,1767319,1689137
1983,12,3753786,1920896,1832890
1983,13,3706645,1894411,1812234
1983,14,3642878,1861434,1781444
1983,15,3604276,1841536,1762740
1983,16,3685509,1881381,1804128
1983,17,3807468,1950631,1856837
1983,18,3970322,2015686,1954636
1983,19,4320386,2183824,2136562
1983,20,4335872,2184736,2151136
1983,21,4315773,2172377,2143396
1983,22,4346943,2185733,2161210
1983,23,4275974,2143074,2132900
1983,24,4357721,2184256,2173465
1983,25,4376343,2193217,2183126
1983,26,4340709,2171377,2169332
1983,27,4223710,2108278,2115432
1983,28,3983565,1986364,1997201
1983,29,4216289,2102825,2113464
1983,30,4057778,2018023,2039755
1983,31,3862390,1916645,1945745
1983,32,3792123,1876864,1915259
1983,33,3623513,1789378,1834135
1983,34,3731337,1848142,1883195
1983,35,3659504,1808220,1851284
1983,36,3857504,1899472,1958032
1983,37,2836163,1392382,1443781
1983,38,2778732,1363232,1415500
1983,39,2985182,1469385,1515797
1983,40,3119377,1532862,1586515
1983,41,2669251,1309599,1359652
1983,42,2517377,1235027,1282350
1983,43,2415058,1181026,1234032
1983,44,2429159,1190854,1238305
1983,45,2348675,1149108,1199567
1983,46,2257591,1101197,1156394
1983,47,2267602,1103605,1163997
1983,48,2141362,1045653,1095709
1983,49,2185668,1067684,1117984
1983,50,2168020,1046357,1121663
1983,51,2160867,1043548,1117319
1983,52,2226301,1071764,1154537
1983,53,2277561,1104563,1172998
1983,54,2321824,1114944,1206880
1983,55,2313389,1102796,1210593
1983,56,2285160,1082116,1203044
1983,57,2304835,1086512,1218323
1983,58,2254082,1058599,1195483
1983,59,2299481,1075317,1224164
1983,60,2230492,1037117,1193375
1983,61,2245155,1047506,1197649
1983,62,2128915,991340,1137575
1983,63,2040794,949057,1091737
1983,64,2009579,922262,1087317
1983,65,1990231,907341,1082890
1983,66,1879733,846701,1033032
1983,67,1813691,809868,1003823
1983,68,1732946,763839,969107
1983,69,1710148,740038,970110
1983,70,1616223,695130,921093
1983,71,1544709,656880,887829
1983,72,1455774,611638,844136
1983,73,1360692,562947,797745
1983,74,1309289,531733,777556
1983,75,1219737,488639,731098
1983,76,1128408,442350,686058
1983,77,1047820,401778,646042
1983,78,960419,361371,599048
1983,79,880784,324947,555837
1983,80,782522,280870,501652
1983,81,699217,244519,454698
1983,82,622642,214984,407658
1983,83,570844,192055,378789
1983,84,516409,169425,346984
1983,85,446063,142392,303671
1983,86,384373,118882,265491
1983,87,327891,98062,229829
1983,88,280122,82960,197162
1983,89,246503,71351,175152
1983,90,195580,54812,140768
1983,91,157456,42758,114698
1983,92,126867,34051,92816
1983,93,100058,26462,73596
1983,94,76093,19561,56532
1983,95,55031,13590,41441
1983,96,40157,9721,30436
1983,97,28743,6795,21948
1983,98,19759,4586,15173
1983,99,13839,3180,10659
1983,100,19900,3164,16736
1984,0,3571901,1827580,1744321
1984,1,3543520,1814369,1729151
1984,2,3534437,1807001,1727436
1984,3,3527196,1803180,1724016
1984,4,3517851,1798167,1719684
1984,5,3397284,1736786,1660498
1984,6,3297294,1686787,1610507
1984,7,3315974,1698460,1617514
1984,8,3064081,1568656,1495425
1984,9,3263292,1672566,1590726
1984,10,3229060,1656180,1572880
1984,11,3266693,1670826,1595867
1984,12,3449276,1763061,1686215
1984,13,3779052,1933101,1845951
1984,14,3726194,1906975,1819219
1984,15,3672874,1876526,1796348
1984,16,3611198,1847347,1763851
1984,17,3715408,1902548,1812860
1984,18,3765596,1914222,1851374
1984,19,4165555,2102844,2062711
1984,20,4298672,2174402,2124270
1984,21,4268470,2153429,2115041
1984,22,4269317,2150675,2118642
1984,23,4342912,2180344,2162568
1984,24,4350012,2183804,2166208
1984,25,4368689,2189331,2179358
1984,26,4356026,2181376,2174650
1984,27,4379658,2190884,2188774
1984,28,4039434,2015327,2024107
1984,29,4314856,2157255,2157601
1984,30,4165848,2073032,2092816
1984,31,3963294,1967159,1996135
1984,32,3880341,1925884,1954457
1984,33,3754734,1853687,1901047
1984,34,3738873,1855953,1882920
1984,35,3686870,1820993,1865877
1984,36,3599824,1774095,1825729
1984,37,3877251,1906794,1970457
1984,38,2732807,1341576,1391231
1984,39,2970607,1463703,1506904
1984,40,2959597,1452591,1507006
1984,41,3021149,1484029,1537120
1984,42,2678800,1315985,1362815
1984,43,2520262,1232628,1287634
1984,44,2455766,1204999,1250767
1984,45,2384491,1167637,1216854
1984,46,2355339,1150314,1205025
1984,47,2280841,1112044,1168797
1984,48,2138406,1042828,1095578
1984,49,2269706,1109661,1160045
1984,50,2168538,1050865,1117673
1984,51,2096579,1014988,1081591
1984,52,2151393,1037068,1114325
1984,53,2239807,1079508,1160299
1984,54,2300323,1110140,1190183
1984,55,2253413,1076693,1176720
1984,56,2303064,1097101,1205963
1984,57,2310387,1091905,1218482
1984,58,2182467,1024643,1157824
1984,59,2302210,1077295,1224915
1984,60,2272133,1056018,1216115
1984,61,2172234,1009979,1162255
1984,62,2169523,1007339,1162184
1984,63,2128609,992613,1135996
1984,64,2060127,948390,1111737
1984,65,1973045,898438,1074607
1984,66,1923108,870571,1052537
1984,67,1861062,831355,1029707
1984,68,1736303,766951,969352
1984,69,1720868,745870,974998
1984,70,1634566,702755,931811
1984,71,1568973,667056,901917
1984,72,1479114,621567,857547
1984,73,1389518,575846,813672
1984,74,1340032,544936,795096
1984,75,1250315,501616,748699
1984,76,1154191,452940,701251
1984,77,1075430,412498,662932
1984,78,986823,371677,615146
1984,79,907254,334281,572973
1984,80,806129,289391,516738
1984,81,718086,250579,467507
1984,82,643113,221582,421531
1984,83,585654,196646,389008
1984,84,529282,172718,356564
1984,85,460979,146985,313994
1984,86,394823,122214,272609
1984,87,337493,100740,236753
1984,88,279082,80274,198808
1984,89,249640,70635,179005
1984,90,200084,55584,144500
1984,91,161218,43079,118139
1984,92,131898,34842,97056
1984,93,106345,27968,78377
1984,94,81920,20903,61017
1984,95,57934,13897,44037
1984,96,42333,10052,32281
1984,97,31405,7538,23867
1984,98,21781,5103,16678
1984,99,15958,3785,12173
1984,100,21748,3243,18505
1985,0,3678641,1882257,1796384
1985,1,3476794,1779251,1697543
1985,2,3551533,1817388,1734145
1985,3,3566160,1822821,1743339
1985,4,3568493,1825241,1743252
1985,5,3517699,1798198,1719501
1985,6,3398444,1737754,1660690
1985,7,3333327,1705710,1627617
1985,8,3197941,1639115,1558826
1985,9,3217446,1647363,1570083
1985,10,3305864,1697509,1608355
1985,11,3186466,1632011,1554455
1985,12,3261127,1667123,1594004
1985,13,3474591,1775476,1699115
1985,14,3799385,1946450,1852935
1985,15,3757404,1923034,1834370
1985,16,3682274,1884280,1797994
1985,17,3650102,1872855,1777247
1985,18,3679484,1871551,1807933
1985,19,3957974,2001312,1956662
1985,20,4141855,2092501,2049354
1985,21,4227560,2139309,2088251
1985,22,4211983,2125270,2086713
1985,23,4262193,2143938,2118255
1985,24,4421014,2222091,2198923
1985,25,4354496,2185216,2169280
1985,26,4350586,2177408,2173178
1985,27,4394263,2200609,2193654
1985,28,4183149,2090937,2092212
1985,29,4388571,2194315,2194256
1985,30,4255789,2122324,2133465
1985,31,4068075,2020310,2047765
1985,32,3980389,1975778,2004611
1985,33,3845718,1902881,1942837
1985,34,3875387,1923177,1952210
1985,35,3697189,1830410,1866779
1985,36,3624152,1785217,1838935
1985,37,3624824,1785162,1839662
1985,38,3719774,1828149,1891625
1985,39,2937678,1448609,1489069
1985,40,2936732,1443074,1493658
1985,41,2872892,1409426,1463466
1985,42,3030822,1491011,1539811
1985,43,2677362,1311041,1366321
1985,44,2569589,1261877,1307712
1985,45,2412511,1182071,1230440
1985,46,2379974,1163484,1216490
1985,47,2379271,1161170,1218101
1985,48,2152969,1050940,1102029
1985,49,2280911,1114456,1166455
1985,50,2243141,1088450,1154691
1985,51,2096758,1018253,1078505
1985,52,2086265,1008091,1078174
1985,53,2164111,1043501,1120610
1985,54,2263393,1086126,1177267
1985,55,2231609,1071566,1160043
1985,56,2249070,1073630,1175440
1985,57,2326412,1106049,1220363
1985,58,2181601,1027066,1154535
1985,59,2239960,1048483,1191477
1985,60,2267512,1052845,1214667
1985,61,2212161,1028611,1183550
1985,62,2108162,975370,1132792
1985,63,2168963,1008397,1160566
1985,64,2149671,991946,1157725
1985,65,2016182,920579,1095603
1985,66,1910786,864505,1046281
1985,67,1907431,856847,1050584
1985,68,1778854,786160,992694
1985,69,1729952,752289,977663
1985,70,1645464,708533,936931
1985,71,1586941,674891,912050
1985,72,1495777,628331,867446
1985,73,1417396,588445,828951
1985,74,1369877,558247,811630
1985,75,1282255,515586,766669
1985,76,1181582,465081,716501
1985,77,1100951,422828,678123
1985,78,1012298,381554,630744
1985,79,933775,343887,589888
1985,80,830145,298159,531986
1985,81,742609,259603,483006
1985,82,662174,227259,434915
1985,83,602105,201516,400589
1985,84,542353,176646,365707
1985,85,474280,150549,323731
1985,86,408179,126414,281765
1985,87,347211,103982,243229
1985,88,286280,82298,203982
1985,89,250524,68463,182061
1985,90,199213,53822,145391
1985,91,163862,43319,120543
1985,92,134939,35189,99750
1985,93,110722,28809,81913
1985,94,87236,22145,65091
1985,95,61476,14463,47013
1985,96,43923,10035,33888
1985,97,32725,7678,25047
1985,98,23512,5584,17928
1985,99,17836,4197,13639
1985,100,25354,4397,20957
1986,0,3699552,1893241,1806311
1986,1,3587714,1835834,1751880
1986,2,3487636,1784171,1703465
1986,3,3578320,1830662,1747658
1986,4,3609279,1845681,1763598
1986,5,3568272,1825479,1742793
1986,6,3517951,1798421,1719530
1986,7,3430419,1754430,1675989
1986,8,3212175,1644732,1567443
1986,9,3369581,1727499,1642082
1986,10,3253109,1668541,1584568
1986,11,3259800,1671127,1588673
1986,12,3181455,1628340,1553115
1986,13,3285552,1679012,1606540
1986,14,3494318,1788169,1706149
1986,15,3831207,1963025,1868182
1986,16,3769121,1932640,1836481
1986,17,3729968,1914256,1815712
1986,18,3612654,1840038,1772616
1986,19,3869625,1956829,1912796
1986,20,3940479,1996536,1943943
1986,21,4084031,2068243,2015788
1986,22,4166936,2110505,2056431
1986,23,4204965,2119926,2085039
1986,24,4347648,2190433,2157215
1986,25,4419774,2221184,2198590
1986,26,4340583,2175405,2165178
1986,27,4389511,2198604,2190907
1986,28,4191303,2097417,2093886
1986,29,4551843,2280296,2271547
1986,30,4318488,2153845,2164643
1986,31,4155724,2068824,2086900
1986,32,4084090,2028368,2055722
1986,33,3947936,1953685,1994251
1986,34,3972458,1976462,1995996
1986,35,3836152,1898872,1937280
1986,36,3632135,1793950,1838185
1986,37,3651861,1797893,1853968
1986,38,3463820,1705262,1758558
1986,39,4027068,1988765,2038303
1986,40,2902245,1428424,1473821
1986,41,2856237,1402891,1453346
1986,42,2881926,1416884,1465042
1986,43,3021212,1481358,1539854
1986,44,2736339,1346239,1390100
1986,45,2525079,1238085,1286994
1986,46,2395559,1171855,1223704
1986,47,2403443,1173720,1229723
1986,48,2246427,1096868,1149559
1986,49,2307246,1129078,1178168
1986,50,2246264,1089934,1156330
1986,51,2165717,1052275,1113442
1986,52,2084252,1010292,1073960
1986,53,2097690,1013311,1084379
1986,54,2187250,1050703,1136547
1986,55,2194592,1047750,1146842
1986,56,2232130,1070368,1161762
1986,57,2268929,1081073,1187856
1986,58,2189763,1037266,1152497
1986,59,2249644,1056685,1192959
1986,60,2200011,1020308,1179703
1986,61,2205892,1025401,1180491
1986,62,2155013,997039,1157974
1986,63,2107008,976113,1130895
1986,64,2190909,1007581,1183328
1986,65,2097027,959249,1137778
1986,66,1954564,886836,1067728
1986,67,1897611,852011,1045600
1986,68,1817364,807024,1010340
1986,69,1777356,773836,1003520
1986,70,1654637,714563,940074
1986,71,1597134,680522,916612
1986,72,1505523,632384,873139
1986,73,1438053,597690,840363
1986,74,1397990,570767,827223
1986,75,1312600,529234,783366
1986,76,1209773,477747,732026
1986,77,1128442,434639,693803
1986,78,1035265,390726,644539
1986,79,959601,353005,606596
1986,80,854281,307301,546980
1986,81,767368,268728,498640
1986,82,687254,236022,451232
1986,83,616432,205290,411142
1986,84,557274,180713,376561
1986,85,487345,154402,332943
1986,86,419322,129315,290007
1986,87,360256,108035,252221
1986,88,294413,85108,209305
1986,89,260364,71073,189291
1986,90,197159,51211,145948
1986,91,162038,41434,120604
1986,92,137486,35613,101873
1986,93,113820,29402,84418
1986,94,90887,22869,68018
1986,95,64745,15033,49712
1986,96,46252,10306,35946
1986,97,33650,7604,26046
1986,98,23940,5542,18398
1986,99,19673,4924,14749
1986,100,30698,6898,23800
1987,0,3703278,1894817,1808461
1987,1,3615305,1850092,1765213
1987,2,3601784,1842904,1758880
1987,3,3508776,1794476,1714300
1987,4,3623062,1854258,1768804
1987,5,3610115,1846700,1763415
1987,6,3567922,1825219,1742703
1987,7,3545782,1812782,1733000
1987,8,3304508,1691020,1613488
1987,9,3401931,1742641,1659290
1987,10,3404520,1748481,1656039
1987,11,3206778,1641948,1564830
1987,12,3254287,1667074,1587213
1987,13,3206241,1640422,1565819
1987,14,3305020,1691577,1613443
1987,15,3525419,1804746,1720673
1987,16,3844664,1974512,1870152
1987,17,3826777,1967777,1859000
1987,18,3693745,1883124,1810621
1987,19,3807701,1929245,1878456
1987,20,3854933,1954505,1900428
1987,21,3887035,1974026,1913009
1987,22,4014506,2033408,1981098
1987,23,4149179,2097596,2051583
1987,24,4285895,2160795,2125100
1987,25,4335527,2182527,2153000
1987,26,4400711,2206160,2194551
1987,27,4372542,2192048,2180494
1987,28,4177403,2089190,2088213
1987,29,4570408,2290412,2279996
1987,30,4470483,2232278,2238205
1987,31,4213587,2097211,2116376
1987,32,4167870,2073821,2094049
1987,33,4051902,2004956,2046946
1987,34,4080179,2030331,2049848
1987,35,3932042,1950739,1981303
1987,36,3764719,1859073,1905646
1987,37,3663013,1808534,1854479
1987,38,3476978,1710554,1766424
1987,39,3782041,1871308,1910733
1987,40,3951539,1944996,2006543
1987,41,2827129,1390547,1436582
1987,42,2864255,1410129,1454126
1987,43,2868066,1404873,1463193
1987,44,3096627,1526128,1570499
1987,45,2689668,1320935,1368733
1987,46,2494825,1221409,1273416
1987,47,2418190,1181182,1237008
1987,48,2269947,1108328,1161619
1987,49,2421526,1186268,1235258
1987,50,2265837,1102020,1163817
1987,51,2166938,1051897,1115041
1987,52,2152572,1044076,1108496
1987,53,2095645,1014850,1080795
1987,54,2120732,1021390,1099342
1987,55,2119707,1013289,1106418
1987,56,2200309,1048907,1151402
1987,57,2249029,1076715,1172314
1987,58,2129191,1011343,1117848
1987,59,2269872,1073670,1196202
1987,60,2203489,1024275,1179214
1987,61,2138741,993776,1144965
1987,62,2157652,998294,1159358
1987,63,2153491,997755,1155736
1987,64,2129207,975680,1153527
1987,65,2130782,971271,1159511
1987,66,2037113,926358,1110755
1987,67,1943674,875706,1067968
1987,68,1803624,800260,1003364
1987,69,1820003,796830,1023173
1987,70,1702478,736428,966050
1987,71,1607191,687546,919645
1987,72,1508952,635025,873927
1987,73,1453150,604940,848210
1987,74,1419713,580312,839401
1987,75,1342092,542437,799655
1987,76,1237138,490662,746476
1987,77,1157767,447633,710134
1987,78,1061552,402038,659514
1987,79,983524,361697,621827
1987,80,878562,316436,562126
1987,81,793511,278865,514646
1987,82,713753,245372,468381
1987,83,638110,212744,425366
1987,84,570447,184009,386438
1987,85,503167,158689,344478
1987,86,430154,132401,297753
1987,87,370683,110707,259976
1987,88,305956,88823,217133
1987,89,272306,74925,197381
1987,90,203588,52899,150689
1987,91,159682,39004,120678
1987,92,136167,34157,102010
1987,93,117131,30352,86779
1987,94,93973,23525,70448
1987,95,66857,15287,51570
1987,96,48579,10636,37943
1987,97,35340,7709,27631
1987,98,24282,5331,18951
1987,99,20054,4923,15131
1987,100,35111,8853,26258
1988,0,3756531,1921656,1834875
1988,1,3627905,1856284,1771621
1988,2,3635067,1860612,1774455
1988,3,3619632,1851411,1768221
1988,4,3556285,1819425,1736860
1988,5,3626544,1856991,1769553
1988,6,3610681,1846815,1763866
1988,7,3591759,1837517,1754242
1988,8,3415937,1747411,1668526
1988,9,3514381,1799745,1714636
1988,10,3430270,1760159,1670111
1988,11,3353946,1719413,1634533
1988,12,3203941,1639134,1564807
1988,13,3280781,1680028,1600753
1988,14,3227299,1654030,1573269
1988,15,3337171,1709141,1628030
1988,16,3543198,1819139,1724059
1988,17,3915582,2016509,1899073
1988,18,3794606,1939780,1854826
1988,19,3905784,1982760,1923024
1988,20,3798452,1929830,1868622
1988,21,3807606,1935690,1871916
1988,22,3817295,1939214,1878081
1988,23,3997051,2020854,1976197
1988,24,4234133,2139469,2094664
1988,25,4268943,2149671,2119272
1988,26,4318868,2167496,2151372
1988,27,4430681,2221584,2209097
1988,28,4153413,2077772,2075641
1988,29,4567317,2286064,2281253
1988,30,4476970,2235138,2241832
1988,31,4359350,2171961,2187389
1988,32,4224240,2100766,2123474
1988,33,4139048,2051021,2088027
1988,34,4191303,2085686,2105617
1988,35,4040862,2004832,2036030
1988,36,3856945,1908866,1948079
1988,37,3798403,1874962,1923441
1988,38,3475006,1714183,1760823
1988,39,3821609,1889748,1931861
1988,40,3697829,1824638,1873191
1988,41,3856986,1896171,1960815
1988,42,2836649,1399319,1437330
1988,43,2847349,1396629,1450720
1988,44,2948798,1453031,1495767
1988,45,3042729,1496128,1546601
1988,46,2645852,1297744,1348108
1988,47,2517357,1230323,1287034
1988,48,2285962,1115442,1170520
1988,49,2462585,1207306,1255279
1988,50,2370932,1155235,1215697
1988,51,2185343,1062499,1122844
1988,52,2153471,1043504,1109967
1988,53,2164203,1048077,1116126
1988,54,2120814,1024792,1096022
1988,55,2054411,984664,1069747
1988,56,2129937,1016288,1113649
1988,57,2215139,1054546,1160593
1988,58,2104164,1004420,1099744
1988,59,2218791,1053208,1165583
1988,60,2215857,1035615,1180242
1988,61,2141813,997940,1143873
1988,62,2101100,971480,1129620
1988,63,2155569,998713,1156856
1988,64,2176940,997198,1179742
1988,65,2065199,937508,1127691
1988,66,2072972,939387,1133585
1988,67,2029460,916458,1113002
1988,68,1841906,819592,1022314
1988,69,1811648,792965,1018683
1988,70,1742603,757770,984833
1988,71,1654847,709690,945157
1988,72,1511993,638853,873140
1988,73,1461094,610374,850720
1988,74,1434583,587293,847290
1988,75,1363691,551994,811697
1988,76,1261725,502117,759608
1988,77,1184851,460160,724691
1988,78,1088053,413924,674129
1988,79,1009564,371991,637573
1988,80,898712,324212,574500
1988,81,817803,288280,529523
1988,82,739577,254897,484680
1988,83,658713,219811,438902
1988,84,589353,190366,398987
1988,85,514735,161412,353323
1988,86,441473,135164,306309
1988,87,378706,112906,265800
1988,88,312530,90412,222118
1988,89,285662,78939,206723
1988,90,209895,55143,154752
1988,91,163856,39953,123903
1988,92,133050,31669,101381
1988,93,114939,28758,86181
1988,94,96311,24357,71954
1988,95,67771,15380,52391
1988,96,49436,10688,38748
1988,97,36764,7854,28910
1988,98,24794,5160,19634
1988,99,20140,4702,15438
1988,100,35198,7722,27476
1989,0,3858426,1972743,1885683
1989,1,3684924,1885113,1799811
1989,2,3650190,1868697,1781493
1989,3,3645954,1865412,1780542
1989,4,3668564,1876896,1791668
1989,5,3559366,1822061,1737305
1989,6,3625414,1855974,1769440
1989,7,3628223,1855559,1772664
1989,8,3456623,1769440,1687183
1989,9,3647167,1867371,1779796
1989,10,3538746,1815227,1723519
1989,11,3377306,1729737,1647569
1989,12,3349611,1715460,1634151
1989,13,3230151,1651978,1578173
1989,14,3301022,1693423,1607599
1989,15,3258534,1671307,1587227
1989,16,3356248,1724824,1631424
1989,17,3619735,1863701,1756034
1989,18,3880497,1987095,1893402
1989,19,4018089,2045844,1972245
1989,20,3896856,1985377,1911479
1989,21,3753876,1913657,1840219
1989,22,3730857,1898401,1832456
1989,23,3795186,1925157,1870029
1989,24,4080881,2061682,2019199
1989,25,4206900,2122834,2084066
1989,26,4251897,2133498,2118399
1989,27,4344538,2181356,2163182
1989,28,4200508,2100929,2099579
1989,29,4556363,2281122,2275241
1989,30,4463882,2225433,2238449
1989,31,4364389,2174249,2190140
1989,32,4365873,2172932,2192941
1989,33,4197485,2078537,2118948
1989,34,4284553,2135533,2149020
1989,35,4153242,2060975,2092267
1989,36,3961101,1961026,2000075
1989,37,3894964,1927451,1967513
1989,38,3595271,1773258,1822013
1989,39,3850021,1909501,1940520
1989,40,3725615,1837266,1888349
1989,41,3618058,1783341,1834717
1989,42,3865258,1905080,1960178
1989,43,2817595,1385272,1432323
1989,44,2933327,1448244,1485083
1989,45,2898446,1424673,1473773
1989,46,2978785,1462878,1515907
1989,47,2668801,1306371,1362430
1989,48,2382389,1162391,1219998
1989,49,2492820,1222046,1270774
1989,50,2401729,1171981,1229748
1989,51,2284871,1112010,1172861
1989,52,2169764,1053202,1116562
1989,53,2165575,1047136,1118439
1989,54,2190010,1058974,1131036
1989,55,2053582,987533,1066049
1989,56,2068876,989356,1079520
1989,57,2141612,1020543,1121069
1989,58,2065846,980975,1084871
1989,59,2203829,1052169,1151660
1989,60,2160359,1012013,1148346
1989,61,2153991,1009834,1144157
1989,62,2113450,980136,1133314
1989,63,2099350,971933,1127417
1989,64,2180103,998365,1181738
1989,65,2105443,955284,1150159
1989,66,2013438,908921,1104517
1989,67,2069115,931259,1137856
1989,68,1919095,855612,1063483
1989,69,1855145,814900,1040245
1989,70,1736228,754756,981472
1989,71,1696340,732227,964113
1989,72,1552937,658325,894612
1989,73,1471461,618475,852986
1989,74,1444900,594013,850887
1989,75,1381046,560445,820601
1989,76,1280773,511231,769542
1989,77,1211500,472377,739123
1989,78,1115075,426669,688406
1989,79,1038870,384214,654656
1989,80,924401,335173,589228
1989,81,840878,297598,543280
1989,82,766555,265010,501545
1989,83,681040,228050,452990
1989,84,609772,197346,412426
1989,85,535659,168523,367136
1989,86,451382,137533,313849
1989,87,389758,115577,274181
1989,88,318962,92164,226798
1989,89,295911,81234,214677
1989,90,219415,58034,161381
1989,91,169915,42083,127832
1989,92,138270,33086,105184
1989,93,112947,26608,86339
1989,94,94318,22668,71650
1989,95,69085,15811,53274
1989,96,50322,10890,39432
1989,97,37812,8078,29734
1989,98,25937,5300,20637
1989,99,20859,4635,16224
1989,100,37192,8914,28278
1990,0,3986488,2039510,1946978
1990,1,3798100,1943327,1854773
1990,2,3712522,1900277,1812245
1990,3,3660016,1872647,1787369
1990,4,3699321,1893867,1805454
1990,5,3681034,1884676,1796358
1990,6,3563046,1823347,1739699
1990,7,3644060,1864266,1779794
1990,8,3510580,1796291,1714289
1990,9,3678026,1885262,1792764
1990,10,3705149,1900424,1804725
1990,11,3481891,1783525,1698366
1990,12,3380156,1729447,1650709
1990,13,3385614,1732373,1653241
1990,14,3260077,1671445,1588632
1990,15,3342528,1716873,1625655
1990,16,3287140,1691637,1595503
1990,17,3439746,1772977,1666769
1990,18,3601602,1844757,1756845
1990,19,4100577,2089840,2010737
1990,20,4048841,2067366,1981475
1990,21,3837554,1961689,1875865
1990,22,3673009,1874555,1798454
1990,23,3710050,1885145,1824905
1990,24,3880932,1965380,1915552
1990,25,4070277,2054191,2016086
1990,26,4195828,2106713,2089115
1990,27,4291240,2155052,2136188
1990,28,4147932,2077518,2070414
1990,29,4571770,2288783,2282987
1990,30,4512156,2252858,2259298
1990,31,4349962,2165720,2184242
1990,32,4380288,2179863,2200425
1990,33,4356406,2161653,2194753
1990,34,4339961,2161943,2178018
1990,35,4274502,2126405,2148097
1990,36,4073655,2017588,2056067
1990,37,4000923,1979787,2021136
1990,38,3705195,1831694,1873501
1990,39,3936020,1953394,1982626
1990,40,3797499,1878091,1919408
1990,41,3634572,1790205,1844367
1990,42,3621350,1785552,1835798
1990,43,3845180,1894096,1951084
1990,44,2894341,1431297,1463044
1990,45,2903748,1429437,1474311
1990,46,2823381,1385354,1438027
1990,47,3001087,1470886,1530201
1990,48,2500970,1220818,1280152
1990,49,2599830,1275247,1324583
1990,50,2432676,1187751,1244925
1990,51,2313332,1126491,1186841
1990,52,2265849,1100779,1165070
1990,53,2171043,1050991,1120052
1990,54,2194862,1060125,1134737
1990,55,2165677,1041858,1123819
1990,56,2060426,988682,1071744
1990,57,2089003,997622,1091381
1990,58,1976880,939497,1037383
1990,59,2186173,1039204,1146969
1990,60,2152047,1013060,1138987
1990,61,2093993,984707,1109286
1990,62,2142533,999908,1142625
1990,63,2111084,981012,1130072
1990,64,2123825,971684,1152141
1990,65,2117112,959865,1157247
1990,66,2056694,928350,1128344
1990,67,2001182,897565,1103617
1990,68,1962424,872759,1089665
1990,69,1941511,855490,1086021
1990,70,1781932,777743,1004189
1990,71,1685631,727185,958446
1990,72,1607446,687751,919695
1990,73,1499695,630424,869271
1990,74,1450359,600786,849573
1990,75,1400854,570361,830493
1990,76,1299731,521205,778526
1990,77,1231604,481472,750132
1990,78,1148910,440855,708055
1990,79,1065897,396754,669143
1990,80,949424,344531,604893
1990,81,864313,307436,556877
1990,82,789319,273458,515861
1990,83,706332,237000,469332
1990,84,627309,203319,423990
1990,85,550555,173201,377354
1990,86,472473,144040,328433
1990,87,401369,118031,283338
1990,88,327733,93933,233800
1990,89,301490,82469,219021
1990,90,233845,61358,172487
1990,91,177807,44154,133653
1990,92,143188,34423,108765
1990,93,116435,27114,89321
1990,94,93022,20929,72093
1990,95,69255,15239,54016
1990,96,50835,10840,39995
1990,97,37965,7870,30095
1990,98,26153,5211,20942
1990,99,20989,4476,16513
1990,100,36486,7748,28738
1991,0,4003780,2047816,1955964
1991,1,3953336,2022900,1930436
1991,2,3806523,1949199,1857324
1991,3,3722775,1904240,1818535
1991,4,3721632,1904219,1817413
1991,5,3707078,1898867,1808211
1991,6,3686288,1886380,1799908
1991,7,3583698,1833492,1750206
1991,8,3537332,1810361,1726971
1991,9,3766734,1929979,1836755
1991,10,3712645,1904113,1808532
1991,11,3678118,1883709,1794409
1991,12,3504884,1794310,1710574
1991,13,3432293,1756734,1675559
1991,14,3428015,1758173,1669842
1991,15,3311819,1700338,1611481
1991,16,3380269,1741786,1638483
1991,17,3370624,1738927,1631697
1991,18,3403441,1742227,1661214
1991,19,3804127,1939693,1864434
1991,20,4065067,2069457,1995610
1991,21,3964324,2020750,1943574
1991,22,3745551,1908773,1836778
1991,23,3656482,1858839,1797643
1991,24,3803001,1925262,1877739
1991,25,3878137,1957428,1920709
1991,26,4080068,2048143,2031925
1991,27,4262978,2142543,2120435
1991,28,4127113,2068801,2058312
1991,29,4574841,2295017,2279824
1991,30,4526969,2263410,2263559
1991,31,4446648,2221212,2225436
1991,32,4402990,2193561,2209429
1991,33,4395012,2184308,2210704
1991,34,4529246,2264469,2264777
1991,35,4336355,2157029,2179326
1991,36,4206976,2089011,2117965
1991,37,4127666,2045017,2082649
1991,38,3807241,1881865,1925376
1991,39,4099110,2036311,2062799
1991,40,3837388,1896895,1940493
1991,41,3711711,1831239,1880472
1991,42,3633564,1791038,1842526
1991,43,3589714,1763547,1826167
1991,44,3979741,1976302,2003439
1991,45,2841131,1397608,1443523
1991,46,2829136,1388476,1440660
1991,47,2854523,1396586,1457937
1991,48,2874485,1406708,1467777
1991,49,2729817,1338694,1391123
1991,50,2538717,1239992,1298725
1991,51,2349345,1144745,1204600
1991,52,2309658,1122478,1187180
1991,53,2285655,1107949,1177706
1991,54,2207685,1068162,1139523
1991,55,2139405,1029105,1110300
1991,56,2193877,1053735,1140142
1991,57,2065748,990123,1075625
1991,58,1959722,934504,1025218
1991,59,2084037,991211,1092826
1991,60,2133473,1000697,1132776
1991,61,2103025,995833,1107192
1991,62,2082833,974825,1108008
1991,63,2148738,1005395,1143343
1991,64,2135003,981164,1153839
1991,65,2069964,939636,1130328
1991,66,2067884,933367,1134517
1991,67,2028118,911822,1116296
1991,68,1913084,850450,1062634
1991,69,1959316,863307,1096009
1991,70,1888676,829977,1058699
1991,71,1728675,750485,978190
1991,72,1646210,709295,936915
1991,73,1525841,641914,883927
1991,74,1466136,610424,855712
1991,75,1409800,578107,831693
1991,76,1338624,540583,798041
1991,77,1246679,491298,755381
1991,78,1200038,459478,740560
1991,79,1086927,410982,675945
1991,80,974484,353177,621307
1991,81,885099,314802,570297
1991,82,803943,280163,523780
1991,83,738123,248003,490120
1991,84,644864,210281,434583
1991,85,545573,171880,373693
1991,86,499551,151938,347613
1991,87,424545,124984,299561
1991,88,357082,101101,255981
1991,89,288388,79513,208875
1991,90,261108,68513,192595
1991,91,199529,50066,149463
1991,92,149367,35435,113932
1991,93,118315,27055,91260
1991,94,94284,20883,73401
1991,95,73249,15641,57608
1991,96,53757,11188,42569
1991,97,38600,7792,30808
1991,98,28166,5519,22647
1991,99,18841,3578,15263
1991,100,38784,7918,30866
1992,0,3972775,2030390,1942385
1992,1,3978057,2034530,1943527
1992,2,3963541,2029620,1933921
1992,3,3823718,1956957,1866761
1992,4,3789950,1938787,1851163
1992,5,3732466,1910807,1821659
1992,6,3714856,1901810,1813046
1992,7,3713396,1899862,1813534
1992,8,3494500,1788600,1705900
1992,9,3775886,1934998,1840888
1992,10,3810655,1953689,1856966
1992,11,3692127,1891004,1801123
1992,12,3707649,1897931,1809718
1992,13,3557576,1821852,1735724
1992,14,3477756,1783995,1693761
1992,15,3484289,1789765,1694524
1992,16,3350995,1725878,1625117
1992,17,3461562,1788114,1673448
1992,18,3351383,1717760,1633623
1992,19,3598011,1836153,1761858
1992,20,3795137,1938423,1856714
1992,21,4001481,2039638,1961843
1992,22,3890274,1982563,1907711
1992,23,3746008,1905835,1840173
1992,24,3755102,1904968,1850134
1992,25,3821292,1931194,1890098
1992,26,3891166,1955797,1935369
1992,27,4156896,2090425,2066471
1992,28,4120898,2068906,2051992
1992,29,4512365,2265630,2246735
1992,30,4559977,2287431,2272546
1992,31,4453926,2227153,2226773
1992,32,4505408,2252357,2253051
1992,33,4414262,2196803,2217459
1992,34,4560780,2282596,2278184
1992,35,4540097,2267622,2272475
1992,36,4267100,2117567,2149533
1992,37,4255696,2114196,2141500
1992,38,3948714,1954619,1994095
1992,39,4172792,2071420,2101372
1992,40,4021624,1991967,2029657
1992,41,3743338,1845409,1897929
1992,42,3719756,1836765,1882991
1992,43,3605280,1770587,1834693
1992,44,3701937,1832508,1869429
1992,45,3925208,1940480,1984728
1992,46,2769174,1357601,1411573
1992,47,2861189,1400577,1460612
1992,48,2744874,1341181,1403693
1992,49,3112253,1529023,1583230
1992,50,2680785,1309976,1370809
1992,51,2452384,1195146,1257238
1992,52,2349283,1142722,1206561
1992,53,2326056,1127956,1198100
1992,54,2326512,1127347,1199165
1992,55,2156534,1039170,1117364
1992,56,2158953,1036467,1122486
1992,57,2198162,1054142,1144020
1992,58,1952232,934381,1017851
1992,59,2055019,980310,1074709
1992,60,2042689,959772,1082917
1992,61,2081833,981295,1100538
1992,62,2094572,987506,1107066
1992,63,2088269,979241,1109028
1992,64,2169795,1004888,1164907
1992,65,2083818,950406,1133412
1992,66,2024865,915081,1109784
1992,67,2042608,918506,1124102
1992,68,1938844,864514,1074330
1992,69,1905437,839322,1066115
1992,70,1909884,837851,1072033
1992,71,1829579,800410,1029169
1992,72,1687724,730918,956806
1992,73,1571028,666837,904191
1992,74,1492232,620951,871281
1992,75,1424893,587226,837667
1992,76,1347524,547847,799677
1992,77,1282300,509495,772805
1992,78,1211001,467881,743120
1992,79,1134927,427987,706940
1992,80,1000758,369024,631734
1992,81,906037,322058,583979
1992,82,824350,287602,536748
1992,83,749775,253356,496419
1992,84,673750,220189,453561
1992,85,564365,178778,385587
1992,86,494560,150689,343871
1992,87,448314,131748,316566
1992,88,377541,106932,270609
1992,89,314111,85567,228544
1992,90,248616,65697,182919
1992,91,222118,55702,166416
1992,92,167463,40219,127244
1992,93,123178,27746,95432
1992,94,95403,20777,74626
1992,95,73472,15440,58032
1992,96,56885,11477,45408
1992,97,40739,8033,32706
1992,98,28513,5437,23076
1992,99,20137,3782,16355
1992,100,39245,7599,31646
1993,0,3894191,1995451,1898740
1993,1,3955183,2020808,1934375
1993,2,3992724,2043455,1949269
1993,3,3989373,2041930,1947443
1993,4,3897804,1995178,1902626
1993,5,3805253,1947739,1857514
1993,6,3743247,1915341,1827906
1993,7,3748730,1918806,1829924
1993,8,3636925,1861634,1775291
1993,9,3711801,1902108,1809693
1993,10,3829516,1963678,1865838
1993,11,3796036,1943649,1852387
1993,12,3727762,1908417,1819345
1993,13,3761340,1925866,1835474
1993,14,3606749,1851043,1755706
1993,15,3536566,1817117,1719449
1993,16,3525035,1816119,1708916
1993,17,3427387,1769912,1657475
1993,18,3452534,1771274,1681260
1993,19,3532331,1803294,1729037
1993,20,3594606,1835622,1758984
1993,21,3738322,1908211,1830111
1993,22,3926281,1995991,1930290
1993,23,3890657,1975751,1914906
1993,24,3840058,1946583,1893475
1993,25,3784185,1914406,1869779
1993,26,3825636,1922816,1902820
1993,27,3966866,1994730,1972136
1993,28,4032931,2024255,2008676
1993,29,4459275,2239546,2219729
1993,30,4520992,2269777,2251215
1993,31,4473419,2241144,2232275
1993,32,4513133,2256583,2256550
1993,33,4508368,2249918,2258450
1993,34,4567591,2285831,2281760
1993,35,4583390,2291155,2292235
1993,36,4462239,2220385,2241854
1993,37,4306987,2137228,2169759
1993,38,4089557,2028945,2060612
1993,39,4284422,2127187,2157235
1993,40,4118024,2039482,2078542
1993,41,3912868,1931255,1981613
1993,42,3758033,1853764,1904269
1993,43,3692435,1816079,1876356
1993,44,3703595,1830933,1872662
1993,45,3672087,1810835,1861252
1993,46,3825157,1884031,1941126
1993,47,2801615,1370570,1431045
1993,48,2761659,1350269,1411390
1993,49,2952806,1447523,1505283
1993,50,3074668,1506432,1568236
1993,51,2589776,1262403,1327373
1993,52,2455989,1195158,1260831
1993,53,2361390,1145918,1215472
1993,54,2368802,1148839,1219963
1993,55,2277486,1099620,1177866
1993,56,2168705,1042882,1125823
1993,57,2162654,1036470,1126184
1993,58,2092254,1002214,1090040
1993,59,2035154,974096,1061058
1993,60,2022853,954859,1067994
1993,61,1989225,938515,1050710
1993,62,2076584,974744,1101840
1993,63,2098966,990872,1108094
1993,64,2104590,977349,1127241
1993,65,2120517,975320,1145197
1993,66,2041079,926627,1114452
1993,67,2003067,901831,1101236
1993,68,1952519,871535,1080984
1993,69,1926597,851204,1075393
1993,70,1861074,814934,1046140
1993,71,1846246,807169,1039077
1993,72,1786398,778808,1007590
1993,73,1618182,691412,926770
1993,74,1536940,644981,891959
1993,75,1448975,596438,852537
1993,76,1362080,556389,805691
1993,77,1289251,516057,773194
1993,78,1241695,483938,757757
1993,79,1145198,435357,709841
1993,80,1051641,387177,664464
1993,81,927630,335638,591992
1993,82,845877,295329,550548
1993,83,766435,259157,507278
1993,84,684844,225365,459479
1993,85,593326,188390,404936
1993,86,511088,156803,354285
1993,87,443172,130590,312582
1993,88,398425,112663,285762
1993,89,331928,90589,241339
1993,90,269665,70405,199260
1993,91,210668,53207,157461
1993,92,186061,44773,141288
1993,93,137945,31483,106462
1993,94,98879,21277,77602
1993,95,73544,15210,58334
1993,96,57042,11326,45716
1993,97,42998,8239,34759
1993,98,29976,5601,24375
1993,99,20198,3727,16471
1993,100,40651,7656,32995
1994,0,3837113,1964865,1872248
1994,1,3882132,1988155,1893977
1994,2,3968620,2028907,1939713
1994,3,4022773,2058090,1964683
1994,4,4066224,2081744,1984480
1994,5,3911606,2003421,1908185
1994,6,3813700,1951022,1862678
1994,7,3778668,1933116,1845552
1994,8,3682989,1886083,1796906
1994,9,3837716,1966506,1871210
1994,10,3768473,1932300,1836173
1994,11,3816106,1954319,1861787
1994,12,3832675,1961708,1870967
1994,13,3775338,1933118,1842220
1994,14,3808694,1954006,1854688
1994,15,3663343,1883217,1780126
1994,16,3572649,1840979,1731670
1994,17,3592713,1855958,1736755
1994,18,3425202,1756555,1668647
1994,19,3621902,1850070,1771832
1994,20,3528405,1802517,1725888
1994,21,3542839,1808164,1734675
1994,22,3674968,1871698,1803270
1994,23,3928673,1990617,1938056
1994,24,3981179,2015303,1965876
1994,25,3879824,1962760,1917064
1994,26,3780362,1902694,1877668
1994,27,3900921,1961447,1939474
1994,28,3861126,1938421,1922705
1994,29,4317332,2167190,2150142
1994,30,4487755,2255221,2232534
1994,31,4419390,2214232,2205158
1994,32,4529937,2268849,2261088
1994,33,4504582,2248038,2256544
1994,34,4648325,2330743,2317582
1994,35,4598983,2299290,2299693
1994,36,4498215,2238463,2259752
1994,37,4490498,2234201,2256297
1994,38,4156174,2059759,2096415
1994,39,4390737,2182986,2207751
1994,40,4249805,2106874,2142931
1994,41,3994897,1970680,2024217
1994,42,3933420,1942368,1991052
1994,43,3729491,1832191,1897300
1994,44,3776646,1868489,1908157
1994,45,3690626,1819022,1871604
1994,46,3576223,1756585,1819638
1994,47,3861227,1898278,1962949
1994,48,2713824,1326364,1387460
1994,49,2948670,1445626,1503044
1994,50,2930938,1433760,1497178
1994,51,2968690,1450735,1517955
1994,52,2595352,1263658,1331694
1994,53,2462232,1195178,1267054
1994,54,2404979,1167433,1237546
1994,55,2321480,1121963,1199517
1994,56,2280146,1098162,1181984
1994,57,2169850,1041231,1128619
1994,58,2070945,991549,1079396
1994,59,2166545,1037315,1129230
1994,60,2011277,954048,1057229
1994,61,1964705,930408,1034297
1994,62,1985428,932800,1052628
1994,63,2078772,976089,1102683
1994,64,2109989,986944,1123045
1994,65,2058214,949584,1108630
1994,66,2079157,951681,1127476
1994,67,2021510,914280,1107230
1994,68,1913794,856199,1057595
1994,69,1935051,856006,1079045
1994,70,1884782,826536,1058246
1994,71,1794102,783672,1010430
1994,72,1801138,783923,1017215
1994,73,1719772,741034,978738
1994,74,1582271,667973,914298
1994,75,1489914,618215,871699
1994,76,1384232,564456,819776
1994,77,1300723,523430,777293
1994,78,1243529,488370,755159
1994,79,1173164,449584,723580
1994,80,1067825,396951,670874
1994,81,970846,350970,619876
1994,82,866708,308432,558276
1994,83,783169,264820,518349
1994,84,699870,230657,469213
1994,85,606196,193804,412392
1994,86,536180,165062,371118
1994,87,456904,135766,321138
1994,88,393176,111496,281680
1994,89,349679,95422,254257
1994,90,283446,74178,209268
1994,91,227485,56786,170699
1994,92,175750,42686,133064
1994,93,152730,34933,117797
1994,94,110197,24115,86082
1994,95,75310,15423,59887
1994,96,56973,11131,45842
1994,97,42910,8123,34787
1994,98,31447,5724,25723
1994,99,21022,3835,17187
1994,100,41627,7740,33887
1995,0,3791386,1941251,1850135
1995,1,3832267,1960718,1871549
1995,2,3896142,1996498,1899644
1995,3,4003956,2046406,1957550
1995,4,4102754,2099595,2003159
1995,5,4080906,2090592,1990314
1995,6,3918857,2006141,1912716
1995,7,3851996,1970356,1881640
1995,8,3724335,1906327,1818008
1995,9,3862077,1979726,1882351
1995,10,3900144,1999592,1900552
1995,11,3757198,1924225,1832973
1995,12,3854253,1973427,1880826
1995,13,3875030,1983604,1891426
1995,14,3820424,1959992,1860432
1995,15,3864742,1986340,1878402
1995,16,3695963,1905324,1790639
1995,17,3631592,1876684,1754908
1995,18,3598495,1846188,1752307
1995,19,3583206,1830331,1752875
1995,20,3620771,1852175,1768596
1995,21,3482672,1779379,1703293
1995,22,3491866,1779367,1712499
1995,23,3687003,1873102,1813901
1995,24,4017902,2030258,1987644
1995,25,4037151,2041170,1995981
1995,26,3872102,1949869,1922233
1995,27,3860540,1944150,1916390
1995,28,3814487,1916090,1898397
1995,29,4095656,2056054,2039602
1995,30,4370579,2197852,2172727
1995,31,4376542,2193942,2182600
1995,32,4477611,2243230,2234381
1995,33,4515205,2257863,2257342
1995,34,4632250,2321011,2311239
1995,35,4693270,2352307,2340963
1995,36,4509835,2243265,2266570
1995,37,4516778,2247663,2269115
1995,38,4353674,2163642,2190032
1995,39,4418063,2192676,2225387
1995,40,4380551,2177170,2203381
1995,41,4112101,2029788,2082313
1995,42,4023082,1986032,2037050
1995,43,3903382,1919799,1983583
1995,44,3800032,1876617,1923415
1995,45,3782323,1867300,1915023
1995,46,3593186,1763361,1829825
1995,47,3612375,1771790,1840585
1995,48,3758611,1846499,1912112
1995,49,2877246,1409053,1468193
1995,50,2942507,1440707,1501800
1995,51,2829519,1380295,1449224
1995,52,2978860,1454602,1524258
1995,53,2596862,1261232,1335630
1995,54,2508750,1218759,1289991
1995,55,2361284,1142664,1218620
1995,56,2315629,1116384,1199245
1995,57,2280292,1095730,1184562
1995,58,2092492,1003363,1089129
1995,59,2132601,1020155,1112446
1995,60,2150767,1022006,1128761
1995,61,1950471,927655,1022816
1995,62,1963833,926557,1037276
1995,63,1986464,932984,1053480
1995,64,2086189,971175,1115014
1995,65,2066151,960654,1105497
1995,66,2020906,928038,1092868
1995,67,2063478,941488,1121990
1995,68,1932993,869620,1063373
1995,69,1892957,839691,1053266
1995,70,1897621,832194,1065427
1995,71,1814445,794811,1019634
1995,72,1751194,760959,990235
1995,73,1743526,751535,991991
1995,74,1682817,716167,966650
1995,75,1533755,640175,893580
1995,76,1424436,585480,838956
1995,77,1321703,531555,790148
1995,78,1251908,494639,757269
1995,79,1176080,454108,721972
1995,80,1102979,414135,688844
1995,81,984170,359712,624458
1995,82,909983,324187,585796
1995,83,800876,276086,524790
1995,84,716604,236492,480112
1995,85,624365,200082,424283
1995,86,548357,170297,378060
1995,87,479847,143364,336483
1995,88,406201,116291,289910
1995,89,345888,94877,251011
1995,90,298300,78151,220149
1995,91,239170,59933,179237
1995,92,190148,45793,144355
1995,93,144400,33362,111038
1995,94,122026,26871,95155
1995,95,83577,17463,66114
1995,96,58672,11378,47294
1995,97,42988,8046,34942
1995,98,31436,5677,25759
1995,99,22025,3958,18067
1995,100,43322,8043,35279
1996,0,3744999,1917647,1827352
1996,1,3793945,1940184,1853761
1996,2,3847031,1969349,1877682
1996,3,3936378,2016772,1919606
1996,4,4085919,2089071,1996848
1996,5,4118615,2109032,2009583
1996,6,4087823,2092980,1994843
1996,7,3961111,2027371,1933740
1996,8,3810244,1950129,1860115
1996,9,3882737,1989042,1893695
1996,10,3930865,2016071,1914794
1996,11,3891750,1993030,1898720
1996,12,3798286,1945127,1853159
1996,13,3893189,1993446,1899743
1996,14,3921019,2010810,1910209
1996,15,3876042,1992332,1883710
1996,16,3896547,2008121,1888426
1996,17,3748949,1938632,1810317
1996,18,3647933,1871948,1775985
1996,19,3750689,1915904,1834785
1996,20,3586696,1834412,1752284
1996,21,3574730,1827445,1747285
1996,22,3438174,1752966,1685208
1996,23,3508350,1782672,1725678
1996,24,3768695,1908790,1859905
1996,25,4087468,2063111,2024357
1996,26,4021994,2024078,1997916
1996,27,3957669,1993483,1964186
1996,28,3790654,1907058,1883596
1996,29,4006355,2011566,1994789
1996,30,4170072,2098687,2071385
1996,31,4251949,2131380,2120569
1996,32,4435751,2222950,2212801
1996,33,4456300,2228954,2227346
1996,34,4631093,2323630,2307463
1996,35,4689325,2349229,2340096
1996,36,4597490,2290685,2306805
1996,37,4518505,2247415,2271090
1996,38,4399569,2186692,2212877
1996,39,4580862,2277722,2303140
1996,40,4432912,2201222,2231690
1996,41,4227780,2091432,2136348
1996,42,4148471,2049120,2099351
1996,43,3993633,1963583,2030050
1996,44,3962716,1957655,2005061
1996,45,3824814,1886469,1938345
1996,46,3680887,1808783,1872104
1996,47,3629062,1778810,1850252
1996,48,3526758,1728783,1797975
1996,49,3949005,1942625,2006380
1996,50,2886834,1412800,1474034
1996,51,2840172,1386351,1453821
1996,52,2842370,1385793,1456577
1996,53,2973559,1448224,1525335
1996,54,2646504,1286802,1359702
1996,55,2466519,1194796,1271723
1996,56,2345375,1131854,1213521
1996,57,2313529,1112319,1201210
1996,58,2213473,1062902,1150571
1996,59,2141804,1025538,1116266
1996,60,2125679,1010585,1115094
1996,61,2081161,990791,1090370
1996,62,1951350,924780,1026570
1996,63,1962488,924846,1037642
1996,64,1988608,926308,1062300
1996,65,2044450,946339,1098111
1996,66,2030826,939672,1091154
1996,67,2008723,919714,1089009
1996,68,1972603,896166,1076437
1996,69,1907485,850841,1056644
1996,70,1860250,816555,1043695
1996,71,1822144,798976,1023168
1996,72,1769906,770543,999363
1996,73,1702570,733921,968649
1996,74,1705531,725568,979963
1996,75,1628948,685146,943802
1996,76,1465646,605707,859939
1996,77,1357929,550814,807115
1996,78,1267591,500592,766999
1996,79,1183574,459464,724110
1996,80,1113040,421600,691440
1996,81,1013050,374193,638857
1996,82,923749,333154,590595
1996,83,837680,288834,548846
1996,84,732462,246660,485802
1996,85,643191,206393,436798
1996,86,564081,175744,388337
1996,87,489933,147810,342123
1996,88,426230,122674,303556
1996,89,357081,99014,258067
1996,90,293758,77343,216415
1996,91,250873,62928,187945
1996,92,199535,48346,151189
1996,93,155912,35680,120232
1996,94,114745,25583,89162
1996,95,91611,19285,72326
1996,96,65244,12925,52319
1996,97,44162,8225,35937
1996,98,31357,5602,25755
1996,99,21838,3931,17907
1996,100,45341,8448,36893
1997,0,3751141,1920124,1831017
1997,1,3755827,1920214,1835613
1997,2,3811084,1949787,1861297
1997,3,3893717,1993090,1900627
1997,4,4020902,2060785,1960117
1997,5,4104267,2099810,2004457
1997,6,4127495,2112371,2015124
1997,7,4136887,2117783,2019104
1997,8,3934297,2014918,1919379
1997,9,3951086,2023735,1927351
1997,10,3959574,2029495,1930079
1997,11,3927924,2012448,1915476
1997,12,3938327,2016810,1921517
1997,13,3834661,1963654,1871007
1997,14,3940211,2020936,1919275
1997,15,3978082,2044169,1933913
1997,16,3907117,2013549,1893568
1997,17,3943838,2038904,1904934
1997,18,3777389,1939476,1837913
1997,19,3791265,1936427,1854838
1997,20,3758231,1921901,1836330
1997,21,3551161,1815697,1735464
1997,22,3542084,1807954,1734130
1997,23,3466500,1763371,1703129
1997,24,3592100,1820223,1771877
1997,25,3856345,1951959,1904386
1997,26,4070895,2045323,2025572
1997,27,4118819,2073020,2045799
1997,28,3906020,1965821,1940199
1997,29,3946961,1983865,1963096
1997,30,4106955,2068971,2037984
1997,31,4051291,2030997,2020294
1997,32,4314760,2161826,2152934
1997,33,4410924,2206835,2204089
1997,34,4561993,2287563,2274430
1997,35,4704186,2360885,2343301
1997,36,4592446,2285354,2307092
1997,37,4598210,2290982,2307228
1997,38,4424258,2198355,2225903
1997,39,4584521,2278049,2306472
1997,40,4624039,2302947,2321092
1997,41,4268560,2108989,2159571
1997,42,4273685,2116172,2157513
1997,43,4119422,2026839,2092583
1997,44,4039088,1993565,2045523
1997,45,4008876,1979776,2029100
1997,46,3721975,1826873,1895102
1997,47,3717836,1825555,1892281
1997,48,3555812,1742200,1813612
1997,49,3682141,1806239,1875902
1997,50,3984650,1960530,2024120
1997,51,2786719,1359372,1427347
1997,52,2856624,1393893,1462731
1997,53,2831807,1376806,1455001
1997,54,3031068,1478569,1552499
1997,55,2606966,1264175,1342791
1997,56,2441205,1178893,1262312
1997,57,2342359,1126959,1215400
1997,58,2261789,1086896,1174893
1997,59,2252768,1079679,1173089
1997,60,2144974,1022049,1122925
1997,61,2053627,977398,1076229
1997,62,2085142,989392,1095750
1997,63,1949854,922246,1027608
1997,64,1960627,916853,1043774
1997,65,1950886,903717,1047169
1997,66,2012216,926610,1085606
1997,67,2022161,933118,1089043
1997,68,1920791,876385,1044406
1997,69,1943776,875944,1067832
1997,70,1879197,828394,1050803
1997,71,1782428,783229,999199
1997,72,1777197,773717,1003480
1997,73,1729265,748235,981030
1997,74,1665957,708383,957574
1997,75,1649537,693297,956240
1997,76,1556914,648261,908653
1997,77,1395791,569801,825990
1997,78,1298103,517259,780844
1997,79,1198485,464829,733656
1997,80,1127620,429986,697634
1997,81,1019106,380052,639054
1997,82,952612,347717,604895
1997,83,847334,295635,551699
1997,84,766709,258477,508232
1997,85,661574,216660,444914
1997,86,580586,181341,399245
1997,87,503481,152596,350885
1997,88,434971,126462,308509
1997,89,374575,104572,270003
1997,90,302031,80441,221590
1997,91,246269,62093,184176
1997,92,208998,50819,158179
1997,93,163311,37611,125700
1997,94,123426,27329,96097
1997,95,85106,18152,66954
1997,96,71646,14315,57331
1997,97,49111,9385,39726
1997,98,32098,5731,26367
1997,99,21601,3882,17719
1997,100,46692,8790,37902
1998,0,3762809,1928364,1834445
1998,1,3768112,1925454,1842658
1998,2,3773397,1929711,1843686
1998,3,3861808,1975856,1885952
1998,4,3978797,2037608,1941189
1998,5,4039711,2071831,1967880
1998,6,4112475,2102826,2009649
1998,7,4180115,2139061,2041054
1998,8,4122785,2111915,2010870
1998,9,4055242,2078159,1977083
1998,10,4035230,2067966,1967264
1998,11,3959695,2027682,1932013
1998,12,3978089,2038566,1939523
1998,13,3970975,2033379,1937596
1998,14,3881192,1990726,1890466
1998,15,3996722,2054320,1942402
1998,16,4006784,2064077,1942707
1998,17,3944569,2039345,1905224
1998,18,3981223,2043271,1937952
1998,19,3910434,1997724,1912710
1998,20,3799863,1942974,1856889
1998,21,3720000,1901381,1818619
1998,22,3525791,1800784,1725007
1998,23,3575395,1821418,1753977
1998,24,3546054,1799331,1746723
1998,25,3688766,1869136,1819630
1998,26,3837254,1934195,1903059
1998,27,4171533,2096125,2075408
1998,28,4080230,2052704,2027526
1998,29,4025861,2024126,2001735
1998,30,4068797,2053907,2014890
1998,31,3980432,1996379,1984053
1998,32,4113956,2061585,2052371
1998,33,4285068,2143804,2141264
1998,34,4504615,2258033,2246582
1998,35,4647434,2332072,2315362
1998,36,4604202,2294049,2310153
1998,37,4584006,2281345,2302661
1998,38,4524490,2252385,2272105
1998,39,4566065,2266938,2299127
1998,40,4656534,2320302,2336232
1998,41,4442810,2201180,2241630
1998,42,4324057,2138872,2185185
1998,43,4246602,2094862,2151740
1998,44,4152154,2049575,2102579
1998,45,4108351,2029255,2079096
1998,46,3901324,1917073,1984251
1998,47,3759423,1844735,1914688
1998,48,3656981,1795548,1861433
1998,49,3688084,1807376,1880708
1998,50,3734825,1833763,1901062
1998,51,3846086,1886389,1959697
1998,52,2806994,1369303,1437691
1998,53,2840605,1382213,1458392
1998,54,2889184,1407511,1481673
1998,55,2989898,1455145,1534753
1998,56,2570360,1242561,1327799
1998,57,2436220,1172595,1263625
1998,58,2305054,1108639,1196415
1998,59,2287915,1097032,1190883
1998,60,2265724,1082563,1183161
1998,61,2068224,985731,1082493
1998,62,2060484,977610,1082874
1998,63,2082928,985909,1097019
1998,64,1944148,913323,1030825
1998,65,1925215,895889,1029326
1998,66,1921704,885610,1036094
1998,67,2006968,921882,1085086
1998,68,1934359,890447,1043912
1998,69,1889019,855123,1033896
1998,70,1919463,853803,1065660
1998,71,1797080,793951,1003129
1998,72,1738304,757791,980513
1998,73,1745311,756653,988658
1998,74,1692824,722142,970682
1998,75,1610422,676329,934093
1998,76,1577276,656059,921217
1998,77,1481717,610071,871646
1998,78,1330641,533930,796711
1998,79,1228062,480544,747518
1998,80,1150320,438881,711439
1998,81,1029841,387044,642797
1998,82,960538,354567,605971
1998,83,871471,307701,563770
1998,84,776089,265085,511004
1998,85,697231,228755,468476
1998,86,596906,190622,406284
1998,87,518210,157715,360495
1998,88,447354,130777,316577
1998,89,382493,108100,274393
1998,90,315932,84795,231137
1998,91,252746,64553,188193
1998,92,205002,50234,154768
1998,93,171087,39574,131513
1998,94,128925,28838,100087
1998,95,90869,19290,71579
1998,96,66428,13457,52971
1998,97,54058,10466,43592
1998,98,35715,6576,29139
1998,99,21982,3992,17990
1998,100,47597,9081,38516
1999,0,3795762,1943639,1852123
1999,1,3784001,1935343,1848658
1999,2,3783695,1933818,1849877
1999,3,3826501,1957234,1869267
1999,4,3945585,2019773,1925812
1999,5,3995596,2047540,1948056
1999,6,4044949,2073231,1971718
1999,7,4165859,2129903,2035956
1999,8,4178894,2139778,2039116
1999,9,4221162,2163390,2057772
1999,10,4144940,2125169,2019771
1999,11,4036399,2066697,1969702
1999,12,4011128,2054524,1956604
1999,13,4004643,2051767,1952876
1999,14,4016254,2059543,1956711
1999,15,3934744,2022688,1912056
1999,16,4021862,2072157,1949705
1999,17,4034386,2085243,1949143
1999,18,3990308,2047836,1942472
1999,19,4103302,2095109,2008193
1999,20,3920076,2006118,1913958
1999,21,3762940,1924634,1838306
1999,22,3695951,1888250,1807701
1999,23,3561920,1817406,1744514
1999,24,3650542,1856406,1794136
1999,25,3652312,1855186,1797126
1999,26,3666165,1851638,1814527
1999,27,3939601,1988011,1951590
1999,28,4150463,2087761,2062702
1999,29,4166516,2096494,2070022
1999,30,4176407,2113685,2062722
1999,31,3935632,1979071,1956561
1999,32,4045114,2029955,2015159
1999,33,4080760,2043812,2036948
1999,34,4365436,2187703,2177733
1999,35,4601162,2309804,2291358
1999,36,4543860,2262633,2281227
1999,37,4584978,2285254,2299724
1999,38,4531008,2253595,2277413
1999,39,4621541,2297109,2324432
1999,40,4663542,2324302,2339240
1999,41,4462222,2211221,2251001
1999,42,4508019,2236572,2271447
1999,43,4297293,2117912,2179381
1999,44,4263052,2108671,2154381
1999,45,4243275,2098110,2145165
1999,46,3996539,1963776,2032763
1999,47,3937632,1935093,2002539
1999,48,3711221,1821344,1889877
1999,49,3765540,1848150,1917390
1999,50,3759256,1845237,1914019
1999,51,3603339,1763110,1840229
1999,52,3876977,1902244,1974733
1999,53,2784868,1354601,1430267
1999,54,2899172,1413849,1485323
1999,55,2854647,1387851,1466796
1999,56,2937365,1425146,1512219
1999,57,2562178,1234135,1328043
1999,58,2413390,1161330,1252060
1999,59,2317241,1111325,1205916
1999,60,2310077,1105604,1204473
1999,61,2179628,1040972,1138656
1999,62,2076737,987004,1089733
1999,63,2055864,972058,1083806
1999,64,2070899,973838,1097061
1999,65,1910015,893181,1016834
1999,66,1897274,878101,1019173
1999,67,1917888,881579,1036309
1999,68,1918627,879732,1038895
1999,69,1897694,866917,1030777
1999,70,1869141,833870,1035271
1999,71,1831912,817423,1014489
1999,72,1752158,767132,985026
1999,73,1715307,745737,969570
1999,74,1708893,729813,979080
1999,75,1635100,688571,946529
1999,76,1539897,639620,900277
1999,77,1499691,617131,882560
1999,78,1408598,570134,838464
1999,79,1259320,495929,763391
1999,80,1186831,457270,729561
1999,81,1047808,394121,653687
1999,82,972792,362232,610560
1999,83,875954,312444,563510
1999,84,798923,276264,522659
1999,85,710649,236157,474492
1999,86,629188,201380,427808
1999,87,532464,165824,366640
1999,88,460896,135189,325707
1999,89,393855,112002,281853
1999,90,321717,87359,234358
1999,91,264035,67894,196141
1999,92,210441,52311,158130
1999,93,167733,39017,128716
1999,94,134930,30360,104570
1999,95,94154,20189,73965
1999,96,71298,14344,56954
1999,97,49935,9810,40125
1999,98,39439,7362,32077
1999,99,24456,4616,19840
1999,100,48828,9496,39332
2000,0,3860835,1976710,1884125
2000,1,3804674,1945743,1858931
2000,2,3805880,1947057,1858823
2000,3,3826053,1955258,1870795
2000,4,3906193,1998984,1907209
2000,5,3970876,2034026,1936850
2000,6,4007642,2052095,1955547
2000,7,4094050,2098474,1995576
2000,8,4167126,2131868,2035258
2000,9,4236161,2169173,2066988
2000,10,4313634,2211410,2102224
2000,11,4148895,2125469,2023426
2000,12,4081037,2090261,1990776
2000,13,4031610,2064558,1967052
2000,14,4045936,2074576,1971360
2000,15,4060716,2086045,1974671
2000,16,3979030,2049948,1929082
2000,17,4044873,2090588,1954285
2000,18,4075610,2098701,1976909
2000,19,4115259,2102461,2012798
2000,20,4101724,2096777,2004947
2000,21,3894824,1994973,1899851
2000,22,3773400,1930750,1842650
2000,23,3725122,1902497,1822625
2000,24,3630598,1851020,1779578
2000,25,3749523,1907776,1841747
2000,26,3647336,1849806,1797530
2000,27,3750068,1895382,1854686
2000,28,3950350,1994358,1955992
2000,29,4198169,2113411,2084758
2000,30,4298571,2175708,2122863
2000,31,4066104,2050557,2015547
2000,32,3999775,2012308,1987467
2000,33,4019739,2015635,2004104
2000,34,4145883,2080465,2065418
2000,35,4446144,2230262,2215882
2000,36,4528963,2261117,2267846
2000,37,4524215,2252602,2271613
2000,38,4547537,2265289,2282248
2000,39,4604460,2286632,2317828
2000,40,4696543,2342595,2353948
2000,41,4513036,2239058,2273978
2000,42,4522207,2243741,2278466
2000,43,4476411,2213599,2262812
2000,44,4309589,2128267,2181322
2000,45,4335952,2147309,2188643
2000,46,4154952,2045677,2109275
2000,47,4024531,1977912,2046619
2000,48,3897827,1916350,1981477
2000,49,3804426,1865469,1938957
2000,50,3799379,1865974,1933405
2000,51,3661587,1792550,1869037
2000,52,3636233,1779626,1856607
2000,53,3814013,1867063,1946950
2000,54,2859851,1393601,1466250
2000,55,2853141,1388208,1464933
2000,56,2815138,1364481,1450657
2000,57,2911994,1408136,1503858
2000,58,2578559,1241410,1337149
2000,59,2398807,1150665,1248142
2000,60,2337277,1119184,1218093
2000,61,2228311,1066275,1162036
2000,62,2188453,1040985,1147468
2000,63,2067593,978842,1088751
2000,64,2033848,957197,1076651
2000,65,2037566,953069,1084497
2000,66,1875287,872155,1003132
2000,67,1881485,868181,1013304
2000,68,1866335,856123,1010212
2000,69,1855804,844583,1011221
2000,70,1883933,848649,1035284
2000,71,1787557,799297,988260
2000,72,1781577,787152,994425
2000,73,1734993,757455,977538
2000,74,1670069,716561,953508
2000,75,1650337,696013,954324
2000,76,1568560,651915,916645
2000,77,1473115,606634,866481
2000,78,1417992,574021,843971
2000,79,1330462,529121,801341
2000,80,1230087,476587,753500
2000,81,1066702,405260,661442
2000,82,1003046,373201,629845
2000,83,884635,319331,565304
2000,84,803641,280209,523432
2000,85,732929,246945,485984
2000,86,643814,208798,435016
2000,87,559211,174147,385064
2000,88,473222,141893,331329
2000,89,401063,114061,287002
2000,90,333384,91094,242290
2000,91,266530,69100,197430
2000,92,220882,54826,166056
2000,93,169971,40095,129876
2000,94,130643,29288,101355
2000,95,99401,21257,78144
2000,96,73042,14838,58204
2000,97,53174,10182,42992
2000,98,36630,6858,29772
2000,99,26045,4918,21127
2000,100,50580,9827,40753
2001,0,4038540,2063282,1975258
2001,1,3887031,1989380,1897651
2001,2,3829607,1958059,1871548
2001,3,3828273,1958510,1869763
2001,4,3846943,1966023,1880920
2001,5,3926046,2009145,1916901
2001,6,3989882,2043739,1946143
2001,7,4025759,2061405,1964354
2001,8,4111540,2107533,2004007
2001,9,4184345,2140800,2043545
2001,10,4253004,2177904,2075100
2001,11,4330304,2220104,2110200
2001,12,4165698,2134241,2031457
2001,13,4098504,2099344,1999160
2001,14,4050724,2074802,1975922
2001,15,4068615,2087418,1981197
2001,16,4088638,2102542,1986096
2001,17,4012941,2070332,1942609
2001,18,4084011,2113880,1970131
2001,19,4115773,2121275,1994498
2001,20,4154693,2123627,2031066
2001,21,4138857,2115453,2023404
2001,22,3931549,2012917,1918632
2001,23,3812456,1949909,1862547
2001,24,3763963,1921287,1842676
2001,25,3669265,1869932,1799333
2001,26,3786574,1925957,1860617
2001,27,3681810,1866956,1814854
2001,28,3781706,1911217,1870489
2001,29,3979387,2009179,1970208
2001,30,4223342,2125943,2097399
2001,31,4320487,2186352,2134135
2001,32,4086458,2060606,2025852
2001,33,4018389,2021418,1996971
2001,34,4036433,2023688,2012745
2001,35,4160433,2087395,2073038
2001,36,4458582,2236043,2222539
2001,37,4538895,2265311,2273584
2001,38,4532331,2255651,2276680
2001,39,4554488,2267752,2286736
2001,40,4609495,2287983,2321512
2001,41,4699408,2342535,2356873
2001,42,4514541,2238365,2276176
2001,43,4521885,2241886,2279999
2001,44,4474735,2211137,2263598
2001,45,4306630,2125052,2181578
2001,46,4331377,2143078,2188299
2001,47,4149446,2040966,2108480
2001,48,4017204,1972279,2044925
2001,49,3889647,1910248,1979399
2001,50,3795269,1858934,1936335
2001,51,3788124,1858205,1929919
2001,52,3647975,1783398,1864577
2001,53,3620300,1769176,1851124
2001,54,3797470,1856163,1941307
2001,55,2845800,1384273,1461527
2001,56,2836826,1377624,1459202
2001,57,2797477,1353084,1444393
2001,58,2891549,1395017,1496532
2001,59,2558467,1228578,1329889
2001,60,2378783,1137985,1240798
2001,61,2314877,1105025,1209852
2001,62,2204257,1051102,1153155
2001,63,2162446,1024815,1137631
2001,64,2040840,962509,1078331
2001,65,2004800,939686,1065114
2001,66,2005571,933801,1071770
2001,67,1843617,853262,990355
2001,68,1846640,847547,999093
2001,69,1827844,833329,994515
2001,70,1815722,821403,994319
2001,71,1841091,824331,1016760
2001,72,1742535,774002,968533
2001,73,1732192,759747,972445
2001,74,1682368,728618,953750
2001,75,1614472,686604,927868
2001,76,1590003,664050,925953
2001,77,1505330,618901,886429
2001,78,1407888,572981,834907
2001,79,1348785,538909,809876
2001,80,1259262,493690,765572
2001,81,1157180,441252,715928
2001,82,997043,372284,624759
2001,83,930520,339675,590845
2001,84,813198,287406,525792
2001,85,732062,249381,482681
2001,86,660441,216912,443529
2001,87,573149,180716,392433
2001,88,491250,148250,343000
2001,89,409462,118600,290862
2001,90,341454,93430,248024
2001,91,278653,72962,205691
2001,92,218391,53984,164407
2001,93,177189,41741,135448
2001,94,133094,29643,103451
2001,95,99797,20997,78800
2001,96,74128,14817,59311
2001,97,53050,10025,43025
2001,98,37733,6697,31036
2001,99,25323,4384,20939
2001,100,49215,8806,40409
2002,0,3997963,2042776,1955187
2002,1,4062698,2074796,1987902
2002,2,3909948,2000623,1909325
2002,3,3850011,1968534,1881477
2002,4,3847371,1968439,1878932
2002,5,3865241,1975458,1889783
2002,6,3943575,2018134,1925441
2002,7,4006560,2052310,1954250
2002,8,4041894,2069760,1972134
2002,9,4127457,2115823,2011634
2002,10,4199894,2148901,2050993
2002,11,4268358,2185915,2082443
2002,12,4345751,2228128,2117623
2002,13,4181673,2142504,2039169
2002,14,4115942,2108651,2007291
2002,15,4071401,2086467,1984934
2002,16,4094028,2102352,1991676
2002,17,4119501,2120978,1998523
2002,18,4049467,2092210,1957257
2002,19,4121833,2135118,1986715
2002,20,4152266,2140341,2011925
2002,21,4187440,2139495,2047945
2002,22,4168921,2128468,2040453
2002,23,3962799,2026174,1936625
2002,24,3845774,1964711,1881063
2002,25,3796786,1935827,1860959
2002,26,3701125,1884347,1816778
2002,27,3816324,1939614,1876710
2002,28,3709219,1879607,1829612
2002,29,3806970,1923146,1883824
2002,30,4002066,2019824,1982242
2002,31,4242397,2134367,2108030
2002,32,4337240,2193585,2143655
2002,33,4102073,2067433,2034640
2002,34,4032133,2027228,2004905
2002,35,4048421,2028618,2019803
2002,36,4170202,2090957,2079245
2002,37,4466322,2238445,2227877
2002,38,4544274,2266066,2278208
2002,39,4536693,2255894,2280799
2002,40,4557472,2267349,2290123
2002,41,4610270,2286296,2323974
2002,42,4698654,2340042,2358612
2002,43,4512769,2235357,2277412
2002,44,4518653,2238216,2280437
2002,45,4470385,2206832,2263553
2002,46,4301177,2120253,2180924
2002,47,4324326,2137382,2186944
2002,48,4140969,2034568,2106401
2002,49,4007981,1965486,2042495
2002,50,3879419,1902991,1976428
2002,51,3783447,1850698,1932749
2002,52,3773710,1848477,1925233
2002,53,3632200,1772923,1859277
2002,54,3603770,1758274,1845496
2002,55,3778739,1843928,1934811
2002,56,2828743,1373178,1455565
2002,57,2818840,1366005,1452835
2002,58,2777246,1340115,1437131
2002,59,2869179,1380842,1488337
2002,60,2536617,1214801,1321816
2002,61,2355793,1123512,1232281
2002,62,2289720,1089235,1200485
2002,63,2178114,1034878,1143236
2002,64,2134819,1008059,1126760
2002,65,2012057,945067,1066990
2002,66,1973130,920798,1052332
2002,67,1971849,913722,1058127
2002,68,1809655,833012,976643
2002,69,1809371,825496,983875
2002,70,1789146,810795,978351
2002,71,1774746,798047,976699
2002,72,1795253,798498,996755
2002,73,1694775,747337,947438
2002,74,1680180,731078,949102
2002,75,1627017,698518,928499
2002,76,1555920,655323,900597
2002,77,1526689,630799,895890
2002,78,1439410,584819,854591
2002,79,1340241,538488,801753
2002,80,1277147,503065,774082
2002,81,1185697,457649,728048
2002,82,1082151,405497,676654
2002,83,925798,339207,586591
2002,84,856810,306338,550472
2002,85,741166,255972,485194
2002,86,660550,219363,441187
2002,87,588826,188052,400774
2002,88,504259,154142,350117
2002,89,425993,124177,301816
2002,90,349262,97368,251894
2002,91,286229,75050,211179
2002,92,228992,57192,171800
2002,93,175712,41212,134500
2002,94,139383,30999,108384
2002,95,102107,21359,80748
2002,96,74697,14675,60022
2002,97,54209,10087,44122
2002,98,37798,6617,31181
2002,99,26322,4320,22002
2002,100,48344,7959,40385
2003,0,4043962,2068865,1975097
2003,1,4019074,2052698,1966376
2003,2,4082572,2084429,1998143
2003,3,3927591,2009689,1917902
2003,4,3866584,1977225,1889359
2003,5,3863311,1976724,1886587
2003,6,3880568,1983353,1897215
2003,7,3958073,2025570,1932503
2003,8,4020655,2059627,1961028
2003,9,4055890,2077109,1978781
2003,10,4141106,2122948,2018158
2003,11,4213376,2155919,2057457
2003,12,4281845,2192876,2088969
2003,13,4359576,2235177,2124399
2003,14,4196738,2150472,2046266
2003,15,4133802,2118661,2015141
2003,16,4093231,2099251,1993980
2003,17,4120363,2118031,2002332
2003,18,4149730,2138723,2011007
2003,19,4077266,2106266,1971000
2003,20,4144320,2143593,2000727
2003,21,4169308,2143658,2025650
2003,22,4202923,2140684,2062239
2003,23,4186437,2131051,2055386
2003,24,3982111,2030140,1951971
2003,25,3867434,1970945,1896489
2003,26,3817933,1942275,1875658
2003,27,3722296,1891639,1830657
2003,28,3835948,1946437,1889511
2003,29,3727752,1886624,1841128
2003,30,3823556,1929300,1894256
2003,31,4016314,2024824,1991490
2003,32,4254214,2137932,2116282
2003,33,4346666,2195786,2150880
2003,34,4110731,2069633,2041098
2003,35,4039708,2029014,2010694
2003,36,4054313,2029414,2024899
2003,37,4174996,2091265,2083731
2003,38,4469216,2237563,2231653
2003,39,4545718,2264194,2281524
2003,40,4537143,2253660,2283483
2003,41,4556395,2264346,2292049
2003,42,4607578,2282360,2325218
2003,43,4694387,2335383,2359004
2003,44,4507726,2230432,2277294
2003,45,4512800,2232957,2279843
2003,46,4463083,2200717,2262366
2003,47,4292987,2113676,2179311
2003,48,4314295,2129854,2184441
2003,49,4130384,2026827,2103557
2003,50,3996614,1957500,2039114
2003,51,3866488,1894103,1972385
2003,52,3768554,1840635,1927919
2003,53,3756677,1837316,1919361
2003,54,3615263,1761832,1853431
2003,55,3585155,1746037,1839118
2003,56,3756448,1829527,1926921
2003,57,2810171,1361182,1448989
2003,58,2798612,1353061,1445551
2003,59,2755340,1326204,1429136
2003,60,2844970,1365541,1479429
2003,61,2511876,1199163,1312713
2003,62,2330275,1107483,1222792
2003,63,2262749,1072575,1190174
2003,64,2150334,1017939,1132395
2003,65,2105105,990225,1114880
2003,66,1980970,926467,1054503
2003,67,1940330,901153,1039177
2003,68,1936233,892571,1043662
2003,69,1773554,811613,961941
2003,70,1771838,803680,968158
2003,71,1749477,788145,961332
2003,72,1731315,773470,957845
2003,73,1747078,771518,975560
2003,74,1644891,719681,925210
2003,75,1625921,701397,924524
2003,76,1569221,667360,901861
2003,77,1494994,623060,871934
2003,78,1461210,596742,864468
2003,79,1371579,550171,821408
2003,80,1270764,503557,767207
2003,81,1203698,466874,736824
2003,82,1110608,421462,689146
2003,83,1005930,369870,636060
2003,84,853903,306554,547349
2003,85,782996,273735,509261
2003,86,669687,225568,444119
2003,87,590370,190717,399653
2003,88,519465,160915,358550
2003,89,438485,129574,308911
2003,90,364730,102358,262372
2003,91,293791,78551,215240
2003,92,236372,59153,177219
2003,93,185143,43924,141219
2003,94,138944,30781,108163
2003,95,107708,22512,85196
2003,96,76961,15061,61900
2003,97,54966,10044,44922
2003,98,39038,6747,32291
2003,99,26546,4300,22246
2003,100,49086,7523,41563
2004,0,4103974,2098977,2004997
2004,1,4062675,2077508,1985167
2004,2,4036625,2061161,1975464
2004,3,4097959,2092370,2005589
2004,4,3942217,2017413,1924804
2004,5,3880882,1984689,1896193
2004,6,3876992,1983776,1893216
2004,7,3893419,1989930,1903489
2004,8,3970594,2032061,1938533
2004,9,4033190,2066222,1966968
2004,10,4068136,2083524,1984612
2004,11,4153138,2129212,2023926
2004,12,4225291,2162049,2063242
2004,13,4293982,2199035,2094947
2004,14,4372717,2242094,2130623
2004,15,4212272,2159139,2053133
2004,16,4152755,2129706,2023049
2004,17,4115992,2112702,2003290
2004,18,4146754,2133432,2013322
2004,19,4180406,2156213,2024193
2004,20,4112486,2126743,1985743
2004,21,4179951,2163848,2016103
2004,22,4205080,2163703,2041377
2004,23,4239500,2161058,2078442
2004,24,4221669,2150213,2071456
2004,25,4015358,2047595,1967763
2004,26,3898903,1987293,1911610
2004,27,3847126,1957543,1889583
2004,28,3749397,1905953,1843444
2004,29,3861256,1960103,1901153
2004,30,3750444,1898846,1851598
2004,31,3844045,1940280,1903765
2004,32,4035189,2035198,1999991
2004,33,4269946,2146433,2123513
2004,34,4359914,2202738,2157176
2004,35,4122731,2075947,2046784
2004,36,4050293,2034591,2015702
2004,37,4063855,2034511,2029344
2004,38,4182914,2095259,2087655
2004,39,4475953,2240866,2235087
2004,40,4550260,2266040,2284220
2004,41,4539180,2253756,2285424
2004,42,4556655,2263393,2293262
2004,43,4605702,2280056,2325646
2004,44,4691092,2332427,2358665
2004,45,4503103,2226540,2276563
2004,46,4506696,2228146,2278550
2004,47,4455807,2195272,2260535
2004,48,4283868,2107149,2176719
2004,49,4303963,2122621,2181342
2004,50,4119259,2019301,2099958
2004,51,3984023,1949085,2034938
2004,52,3851947,1884557,1967390
2004,53,3752240,1830085,1922155
2004,54,3739608,1826210,1913398
2004,55,3596820,1749974,1846846
2004,56,3564534,1732931,1831603
2004,57,3732482,1814393,1918089
2004,58,2789887,1348310,1441577
2004,59,2776596,1339173,1437423
2004,60,2732405,1311842,1420563
2004,61,2817730,1348498,1469232
2004,62,2484982,1182517,1302465
2004,63,2303259,1090964,1212295
2004,64,2234167,1055245,1178922
2004,65,2120769,1000076,1120693
2004,66,2072704,970871,1101833
2004,67,1948230,906953,1041277
2004,68,1905404,880320,1025084
2004,69,1898075,869953,1028122
2004,70,1736845,790283,946562
2004,71,1732568,781319,951249
2004,72,1706652,763931,942721
2004,73,1684787,747380,937407
2004,74,1695753,743077,952676
2004,75,1591803,690586,901217
2004,76,1568174,670198,897976
2004,77,1507925,634712,873213
2004,78,1430727,589469,841258
2004,79,1392468,561555,830913
2004,80,1300525,514518,786007
2004,81,1198115,467701,730414
2004,82,1127226,429938,697288
2004,83,1032839,384824,648015
2004,84,927411,334100,593311
2004,85,780411,274085,506326
2004,86,708220,241661,466559
2004,87,598104,196065,402039
2004,88,520944,163306,357638
2004,89,451810,135382,316428
2004,90,375384,106915,268469
2004,91,307011,82671,224340
2004,92,242562,61975,180587
2004,93,191318,45525,145793
2004,94,146446,32865,113581
2004,95,107396,22376,85020
2004,96,81341,15918,65423
2004,97,56677,10350,46327
2004,98,39543,6703,32840
2004,99,27532,4420,23112
2004,100,49795,7274,42521
2005,0,4114177,2105212,2008965
2005,1,4123725,2107984,2015741
2005,2,4080729,2086098,1994631
2005,3,4052261,2069245,1983016
2005,4,4112866,2100336,2012530
2005,5,3956926,2025216,1931710
2005,6,3894967,1992020,1902947
2005,7,3890246,1990572,1899674
2005,8,3906330,1996662,1909668
2005,9,3983626,2038998,1944628
2005,10,4045940,2072931,1973009
2005,11,4080619,2090008,1990611
2005,12,4165454,2135513,2029941
2005,13,4237731,2168301,2069430
2005,14,4307442,2206076,2101366
2005,15,4388620,2250939,2137681
2005,16,4231622,2170378,2061244
2005,17,4175886,2143296,2032590
2005,18,4142984,2128377,2014607
2005,19,4180594,2153328,2027266
2005,20,4214866,2175995,2038871
2005,21,4145713,2145146,2000567
2005,22,4212686,2180985,2031701
2005,23,4236998,2179569,2057429
2005,24,4270956,2176339,2094617
2005,25,4251623,2164319,2087304
2005,26,4043291,2060315,1982976
2005,27,3925985,2000051,1925934
2005,28,3872082,1969187,1902895
2005,29,3773290,1917616,1855674
2005,30,3882905,1970656,1912249
2005,31,3769686,1908120,1861566
2005,32,3861544,1948742,1912802
2005,33,4050291,2042586,2007705
2005,34,4281942,2151823,2130119
2005,35,4369576,2206650,2162926
2005,36,4131635,2079620,2052015
2005,37,4057840,2037466,2020374
2005,38,4070345,2036758,2033587
2005,39,4188831,2097284,2091547
2005,40,4479578,2241514,2238064
2005,41,4551322,2264986,2286336
2005,42,4538766,2251701,2287065
2005,43,4554449,2260484,2293965
2005,44,4602135,2276494,2325641
2005,45,4686100,2327860,2358240
2005,46,4497045,2221528,2275517
2005,47,4499114,2222334,2276780
2005,48,4446432,2188403,2258029
2005,49,4273659,2099871,2173788
2005,50,4292618,2114730,2177888
2005,51,4106468,2010583,2095885
2005,52,3969346,1939263,2030083
2005,53,3835854,1873991,1961863
2005,54,3735767,1819335,1916432
2005,55,3721378,1814349,1907029
2005,56,3576616,1737047,1839569
2005,57,3542011,1718676,1823335
2005,58,3706245,1797740,1908505
2005,59,2768761,1334881,1433880
2005,60,2753995,1324818,1429177
2005,61,2706764,1295698,1411066
2005,62,2788041,1330113,1457928
2005,63,2456876,1165127,1291749
2005,64,2275284,1073857,1201427
2005,65,2204441,1037237,1167204
2005,66,2089255,981139,1108116
2005,67,2039558,950929,1088629
2005,68,1914414,886734,1027680
2005,69,1868945,858655,1010290
2005,70,1859670,847576,1012094
2005,71,1699260,768847,930413
2005,72,1691423,758053,933370
2005,73,1662081,738903,923178
2005,74,1636590,720601,915989
2005,75,1642550,713882,928668
2005,76,1536710,660729,875981
2005,77,1508451,638280,870171
2005,78,1444835,601501,843334
2005,79,1364895,555579,809316
2005,80,1322171,526180,795991
2005,81,1227948,478732,749216
2005,82,1124213,431914,692299
2005,83,1049845,393375,656470
2005,84,954541,348850,605691
2005,85,848903,299281,549622
2005,86,707664,242854,464810
2005,87,634970,211183,423787
2005,88,528851,168428,360423
2005,89,454709,138052,316657
2005,90,388298,112303,275995
2005,91,317186,86872,230314
2005,92,254844,65677,189167
2005,93,197239,48031,149208
2005,94,152375,34381,117994
2005,95,113907,24111,89796
2005,96,81676,15969,65707
2005,97,60474,11067,49407
2005,98,41122,7008,34114
2005,99,28079,4419,23660
2005,100,51604,7335,44269
2006,0,4172782,2134330,2038452
2006,1,4134070,2114288,2019782
2006,2,4141884,2116659,2025225
2006,3,4096608,2094268,2002340
2006,4,4067450,2077316,1990134
2006,5,4127886,2108254,2019632
2006,6,3971359,2032686,1938673
2006,7,3908511,1998952,1909559
2006,8,3903528,1997490,1906038
2006,9,3919835,2003855,1915980
2006,10,3996879,2045983,1950896
2006,11,4058887,2079657,1979230
2006,12,4093395,2096524,1996871
2006,13,4178313,2141968,2036345
2006,14,4251577,2175553,2076024
2006,15,4323721,2215107,2108614
2006,16,4408288,2262299,2145989
2006,17,4255116,2184170,2070946
2006,18,4203200,2159228,2043972
2006,19,4176511,2148291,2028220
2006,20,4216240,2174037,2042203
2006,21,4249314,2194927,2054387
2006,22,4178550,2162015,2016535
2006,23,4246354,2198075,2048279
2006,24,4270704,2196778,2073926
2006,25,4304544,2193473,2111071
2006,26,4282995,2179988,2103007
2006,27,4072258,2074742,1997516
2006,28,3953534,2013874,1939660
2006,29,3897561,1982055,1915506
2006,30,3797069,1929953,1867116
2006,31,3903979,1981397,1922582
2006,32,3788578,1917808,1870770
2006,33,3878133,1957326,1920807
2006,34,4065213,2050593,2014620
2006,35,4294448,2158223,2136225
2006,36,4379480,2211186,2168294
2006,37,4141017,2084064,2056953
2006,38,4066076,2041113,2024963
2006,39,4077929,2040209,2037720
2006,40,4194871,2099867,2095004
2006,41,4483047,2242514,2240533
2006,42,4552335,2264331,2288004
2006,43,4537754,2249825,2287929
2006,44,4552314,2258020,2294294
2006,45,4598507,2273119,2325388
2006,46,4680467,2323240,2357227
2006,47,4490505,2216566,2273939
2006,48,4490308,2215896,2274412
2006,49,4436663,2181541,2255122
2006,50,4262859,2092481,2170378
2006,51,4279588,2105854,2173734
2006,52,4091824,2000855,2090969
2006,53,3953252,1928828,2024424
2006,54,3819661,1863453,1956208
2006,55,3718264,1808016,1910248
2006,56,3700946,1801279,1899667
2006,57,3555057,1723385,1831672
2006,58,3517135,1702926,1814209
2006,59,3678179,1780022,1898157
2006,60,2747594,1321405,1426189
2006,61,2729233,1309139,1420094
2006,62,2678737,1278106,1400631
2006,63,2756701,1310735,1445966
2006,64,2427719,1147449,1280270
2006,65,2245876,1056107,1189769
2006,66,2172328,1017924,1154404
2006,67,2056314,961292,1095022
2006,68,2005084,930287,1074797
2006,69,1878953,865635,1013318
2006,70,1832131,837231,994900
2006,71,1820773,825278,995495
2006,72,1659997,746502,913495
2006,73,1648696,733958,914738
2006,74,1615997,713156,902841
2006,75,1586722,693047,893675
2006,76,1587487,683869,903618
2006,77,1479935,630144,849791
2006,78,1447187,605767,841420
2006,79,1380426,567938,812488
2006,80,1297823,521447,776376
2006,81,1250649,490618,760031
2006,82,1154452,442985,711467
2006,83,1049742,396428,653314
2006,84,972268,357404,614864
2006,85,876651,313786,562865
2006,86,771471,265690,505781
2006,87,636727,213115,423612
2006,88,564383,182535,381848
2006,89,463038,142875,320163
2006,90,392776,115148,277628
2006,91,329935,91801,238134
2006,92,264742,69474,195268
2006,93,208812,51299,157513
2006,94,158160,36553,121607
2006,95,119683,25498,94185
2006,96,87394,17377,70017
2006,97,61342,11214,50128
2006,98,44459,7585,36874
2006,99,29547,4697,24850
2006,100,53956,7472,46484
2007,0,4302404,2201398,2101006
2007,1,4193540,2143951,2049589
2007,2,4153370,2123571,2029799
2007,3,4158986,2125455,2033531
2007,4,4112989,2102946,2010043
2007,5,4083638,2085820,1997818
2007,6,4143590,2116388,2027202
2007,7,3986104,2040240,1945864
2007,8,3922964,2006467,1916497
2007,9,3918148,2005243,1912905
2007,10,3934150,2011366,1922784
2007,11,4010989,2053289,1957700
2007,12,4072896,2086828,1986068
2007,13,4107449,2103613,2003836
2007,14,4193371,2149842,2043529
2007,15,4268945,2185080,2083865
2007,16,4344206,2226787,2117419
2007,17,4432388,2276248,2156140
2007,18,4282480,2199872,2082608
2007,19,4234363,2176972,2057391
2007,20,4207105,2164473,2042632
2007,21,4246346,2189020,2057326
2007,22,4278234,2208054,2070180
2007,23,4208313,2175451,2032862
2007,24,4277110,2212366,2064744
2007,25,4300777,2210670,2090107
2007,26,4333263,2206747,2126516
2007,27,4309980,2192478,2117502
2007,28,4096924,2086124,2010800
2007,29,3977388,2025361,1952027
2007,30,3918912,1992118,1926794
2007,31,3816333,1939007,1877326
2007,32,3921579,1989786,1931793
2007,33,3803992,1925220,1878772
2007,34,3891908,1963867,1928041
2007,35,4077795,2056526,2021269
2007,36,4304528,2162591,2141937
2007,37,4387950,2214363,2173587
2007,38,4149055,2087165,2061890
2007,39,4073388,2043863,2029525
2007,40,4084052,2042368,2041684
2007,41,4199032,2100865,2098167
2007,42,4485303,2242236,2243067
2007,43,4552816,2262988,2289828
2007,44,4536902,2247876,2289026
2007,45,4550334,2255372,2294962
2007,46,4594655,2269290,2325365
2007,47,4675456,2318820,2356636
2007,48,4483667,2211095,2272572
2007,49,4482566,2209980,2272586
2007,50,4427667,2174928,2252739
2007,51,4252029,2084664,2167365
2007,52,4266442,2096759,2169683
2007,53,4077583,1991269,2086314
2007,54,3938758,1919058,2019700
2007,55,3803936,1853000,1950936
2007,56,3699714,1795882,1903832
2007,57,3680736,1788208,1892528
2007,58,3532383,1708789,1823594
2007,59,3492221,1686948,1805273
2007,60,3653994,1764536,1889458
2007,61,2724799,1306815,1417984
2007,62,2702835,1292407,1410428
2007,63,2650230,1260383,1389847
2007,64,2726790,1292333,1434457
2007,65,2398760,1129815,1268945
2007,66,2214871,1037403,1177468
2007,67,2140070,998459,1141611
2007,68,2023057,941254,1081803
2007,69,1969554,909007,1060547
2007,70,1843723,844975,998748
2007,71,1795189,815998,979191
2007,72,1780288,802176,978112
2007,73,1619284,723457,895827
2007,74,1604508,709239,895269
2007,75,1568235,686706,881529
2007,76,1534975,664747,870228
2007,77,1530514,653119,877395
2007,78,1421347,598928,822419
2007,79,1384197,572814,811383
2007,80,1314279,534022,780257
2007,81,1228952,486990,741962
2007,82,1177444,454893,722551
2007,83,1079463,407298,672165
2007,84,974079,361266,612813
2007,85,893950,322043,571907
2007,86,798663,279668,518995
2007,87,694656,233369,461287
2007,88,567198,184889,382309
2007,89,496026,155737,340289
2007,90,400300,119420,280880
2007,91,334668,94533,240135
2007,92,276185,73754,202431
2007,93,217425,54546,162879
2007,94,168181,39288,128893
2007,95,124540,27258,97282
2007,96,92353,18549,73804
2007,97,65864,12290,53574
2007,98,45303,7743,37560
2007,99,32180,5128,27052
2007,100,56864,7826,49038
2008,0,4281086,2187268,2093818
2008,1,4320417,2209644,2110773
2008,2,4210234,2151901,2058333
2008,3,4167921,2131031,2036890
2008,4,4172905,2132834,2040071
2008,5,4126813,2110239,2016574
2008,6,4096903,2092710,2004193
2008,7,4156052,2122772,2033280
2008,8,3998319,2046608,1951711
2008,9,3935329,2013070,1922259
2008,10,3930240,2011618,1918622
2008,11,3945969,2017498,1928471
2008,12,4022660,2059258,1963402
2008,13,4084608,2092730,1991878
2008,14,4120049,2110224,2009825
2008,15,4208158,2158032,2050126
2008,16,4286688,2195312,2091376
2008,17,4365358,2239153,2126205
2008,18,4456650,2290232,2166418
2008,19,4311245,2216413,2094832
2008,20,4262791,2192404,2070387
2008,21,4237485,2181358,2056127
2008,22,4277268,2205581,2071687
2008,23,4307910,2222984,2084926
2008,24,4236799,2189180,2047619
2008,25,4305078,2225832,2079246
2008,26,4326798,2223011,2103787
2008,27,4358064,2218702,2139362
2008,28,4333341,2203779,2129562
2008,29,4118553,2096879,2021674
2008,30,3997157,2035158,1961999
2008,31,3936039,2000292,1935747
2008,32,3832028,1946654,1885374
2008,33,3934942,1996299,1938643
2008,34,3815505,1930847,1884658
2008,35,3901926,1968622,1933304
2008,36,4086430,2060563,2025867
2008,37,4311421,2165454,2145967
2008,38,4393144,2215989,2177155
2008,39,4153853,2088604,2065249
2008,40,4076868,2044662,2032206
2008,41,4085584,2041990,2043594
2008,42,4198978,2099461,2099517
2008,43,4483249,2239819,2243430
2008,44,4549511,2259921,2289590
2008,45,4532100,2243776,2288324
2008,46,4543926,2250330,2293596
2008,47,4587188,2263687,2323501
2008,48,4665722,2311848,2353874
2008,49,4473084,2203690,2269394
2008,50,4470992,2202047,2268945
2008,51,4414040,2165704,2248336
2008,52,4236653,2074520,2162133
2008,53,4249403,2085686,2163717
2008,54,4060536,1980210,2080326
2008,55,3920355,1907191,2013164
2008,56,3782933,1839556,1943377
2008,57,3677432,1781814,1895618
2008,58,3655541,1772293,1883248
2008,59,3505116,1691658,1813458
2008,60,3466861,1671024,1795837
2008,61,3624858,1746247,1878611
2008,62,2697572,1289801,1407771
2008,63,2672589,1273752,1398837
2008,64,2619728,1241790,1377938
2008,65,2694300,1272743,1421557
2008,66,2365404,1109884,1255520
2008,67,2181495,1017434,1164061
2008,68,2104859,977417,1127442
2008,69,1986477,919474,1067003
2008,70,1932547,887404,1045143
2008,71,1806322,823549,982773
2008,72,1755203,793269,961934
2008,73,1736629,777543,959086
2008,74,1575747,699146,876601
2008,75,1557334,683194,874140
2008,76,1517282,658875,858407
2008,77,1480188,635164,845024
2008,78,1470407,621121,849286
2008,79,1359952,566744,793208
2008,80,1318472,539032,779440
2008,81,1245294,499275,746019
2008,82,1157609,451960,705649
2008,83,1101972,418826,683146
2008,84,1002628,371628,631000
2008,85,896942,326309,570633
2008,86,814994,287357,527637
2008,87,720834,246528,474306
2008,88,619016,202480,416536
2008,89,499856,158427,341429
2008,90,430403,130867,299536
2008,91,341276,98154,243122
2008,92,281097,76282,204815
2008,93,227553,58159,169394
2008,94,175580,41975,133605
2008,95,133098,29467,103631
2008,96,96380,19926,76454
2008,97,70038,13231,56807
2008,98,48814,8540,40274
2008,99,32967,5258,27709
2008,100,60922,8368,52554
2009,0,4261494,2178512,2082982
2009,1,4298055,2194965,2103090
2009,2,4335825,2216933,2118892
2009,3,4223596,2158766,2064830
2009,4,4180686,2137832,2042854
2009,5,4185573,2139544,2046029
2009,6,4138962,2116555,2022407
2009,7,4108268,2098537,2009731
2009,8,4167184,2128588,2038596
2009,9,4009647,2052676,1956971
2009,10,3946437,2018954,1927483
2009,11,3941063,2017246,1923817
2009,12,3956622,2022934,1933688
2009,13,4033326,2064614,1968712
2009,14,4096116,2098774,1997342
2009,15,4133735,2117861,2015874
2009,16,4224842,2167729,2057113
2009,17,4306784,2207151,2099633
2009,18,4388610,2252674,2135936
2009,19,4483866,2305874,2177992
2009,20,4340019,2232574,2107445
2009,21,4291377,2207994,2083383
2009,22,4265915,2196107,2069808
2009,23,4306480,2220442,2086038
2009,24,4335768,2236435,2099333
2009,25,4263951,2202011,2061940
2009,26,4330154,2237311,2092843
2009,27,4350175,2233889,2116286
2009,28,4379973,2229000,2150973
2009,29,4353466,2213349,2140117
2009,30,4136153,2105089,2031064
2009,31,4013131,2042663,1970468
2009,32,3950236,2006994,1943242
2009,33,3844076,1952283,1891793
2009,34,3945007,2000945,1944062
2009,35,3824119,1934718,1889401
2009,36,3909190,1971813,1937377
2009,37,4093072,2063448,2029624
2009,38,4316004,2166819,2149185
2009,39,4395966,2216218,2179748
2009,40,4155781,2088471,2067310
2009,41,4076795,2043227,2033568
2009,42,4084353,2039960,2044393
2009,43,4196082,2096567,2099515
2009,44,4478594,2235914,2242680
2009,45,4543121,2254849,2288272
2009,46,4524001,2237719,2286282
2009,47,4534969,2243869,2291100
2009,48,4576094,2255966,2320128
2009,49,4652907,2303121,2349786
2009,50,4460089,2195031,2265058
2009,51,4455868,2192046,2263822
2009,52,4396694,2154413,2242281
2009,53,4218470,2062896,2155574
2009,54,4230270,2073461,2156809
2009,55,4040442,1967408,2073034
2009,56,3897687,1892916,2004771
2009,57,3759132,1824688,1934444
2009,58,3651527,1765626,1885901
2009,59,3626238,1754028,1872210
2009,60,3479340,1675597,1803743
2009,61,3437753,1652903,1784850
2009,62,3587039,1722860,1864179
2009,63,2666290,1270629,1395661
2009,64,2641501,1254944,1386557
2009,65,2587899,1222692,1365207
2009,66,2655960,1249886,1406074
2009,67,2328985,1088168,1240817
2009,68,2144975,995698,1149277
2009,69,2066501,954720,1111781
2009,70,1948620,897416,1051204
2009,71,1892678,864601,1028077
2009,72,1765495,800353,965142
2009,73,1711554,768668,942886
2009,74,1689400,751188,938212
2009,75,1528720,673164,855556
2009,76,1506289,655342,850947
2009,77,1462592,629334,833258
2009,78,1421500,603853,817647
2009,79,1406427,587543,818884
2009,80,1294908,533184,761724
2009,81,1248763,503780,744983
2009,82,1172628,463296,709332
2009,83,1082786,415920,666866
2009,84,1023249,382080,641169
2009,85,922805,335439,587366
2009,86,817736,291324,526412
2009,87,734742,252976,481766
2009,88,642793,214240,428553
2009,89,544321,172920,371401
2009,90,433781,133273,300508
2009,91,367411,107812,259599
2009,92,285864,78952,206912
2009,93,231560,60137,171423
2009,94,183647,44708,138939
2009,95,138645,31443,107202
2009,96,103072,21532,81540
2009,97,72884,14170,58714
2009,98,51943,9189,42754
2009,99,35433,5801,29632
2009,100,64024,8758,55266
2010,0,3951430,2018474,1932956
2010,1,3957730,2020235,1937495
2010,2,4090621,2088545,2002076
2010,3,4111688,2101149,2010539
2010,4,4077346,2084214,1993132
2010,5,4064521,2076481,1988040
2010,6,4072904,2079365,1993539
2010,7,4042990,2063100,1979890
2010,8,4025502,2054386,1971116
2010,9,4125312,2106966,2018346
2010,10,4186957,2142102,2044855
2010,11,4115419,2104759,2010660
2010,12,4113237,2103622,2009615
2010,13,4119551,2104896,2014655
2010,14,4145478,2122849,2022629
2010,15,4230871,2170359,2060512
2010,16,4313059,2214899,2098160
2010,17,4376154,2252708,2123446
2010,18,4490362,2305396,2184966
2010,19,4570771,2334596,2236175
2010,20,4567982,2331596,2236386
2010,21,4387446,2240843,2146603
2010,22,4286369,2187907,2098462
2010,23,4216566,2150744,2065822
2010,24,4243118,2161093,2082025
2010,25,4288920,2176904,2112016
2010,26,4160369,2102105,2058264
2010,27,4236698,2134977,2101721
2010,28,4247187,2134787,2112400
2010,29,4209988,2112134,2097854
2010,30,4303926,2167253,2136673
2010,31,4042249,2026266,2015983
2010,32,3967254,1985973,1981281
2010,33,3933189,1963430,1969759
2010,34,3821850,1908550,1913300
2010,35,3947964,1974444,1973520
2010,36,3829828,1907175,1922653
2010,37,3896345,1934291,1962054
2010,38,4079778,2027789,2051989
2010,39,4323965,2148448,2175517
2010,40,4386945,2189231,2197714
2010,41,4163043,2073699,2089344
2010,42,4082337,2031573,2050764
2010,43,4093405,2030765,2062640
2010,44,4178062,2074347,2103715
2010,45,4438112,2201662,2236450
2010,46,4529302,2238568,2290734
2010,47,4535096,2237752,2297344
2010,48,4534267,2235091,2299176
2010,49,4598676,2262232,2336444
2010,50,4645792,2290656,2355136
2010,51,4498619,2209609,2289010
2010,52,4480236,2196979,2283257
2010,53,4439092,2170772,2268320
2010,54,4288142,2091480,2196662
2010,55,4258615,2075036,2183579
2010,56,4092857,1984306,2108551
2010,57,3946260,1909865,2036395
2010,58,3802193,1838559,1963634
2010,59,3694048,1779382,1914666
2010,60,3616506,1742122,1874384
2010,61,3519939,1691320,1828619
2010,62,3494915,1678985,1815930
2010,63,3652013,1753823,1898190
2010,64,2705937,1291793,1414144
2010,65,2678384,1272621,1405763
2010,66,2621243,1239751,1381492
2010,67,2693617,1270098,1423519
2010,68,2359748,1105672,1254076
2010,69,2167780,1006753,1161027
2010,70,2062528,954041,1108487
2010,71,1953545,903220,1050325
2010,72,1883778,862506,1021272
2010,73,1750273,794626,955647
2010,74,1685969,758812,927157
2010,75,1631858,725646,906212
2010,76,1481686,653546,828140
2010,77,1449144,630851,818293
2010,78,1402187,602780,799407
2010,79,1354927,573882,781045
2010,80,1319737,549223,770514
2010,81,1212614,496069,716545
2010,82,1158364,462808,695556
2010,83,1081451,423007,658444
2010,84,987041,375690,611351
2010,85,915028,337664,577364
2010,86,821557,295388,526169
2010,87,721221,253628,467593
2010,88,636663,216222,420441
2010,89,546207,180466,365741
2010,90,448338,141391,306947
2010,91,344452,104287,240165
2010,92,288836,83457,205379
2010,93,219062,60180,158882
2010,94,170780,43824,126956
2010,95,131081,31736,99345
2010,96,97166,22022,75144
2010,97,68894,14774,54120
2010,98,47034,9501,37533
2010,99,32179,6106,26073
2010,100,54410,9353,45057
2011,0,3963092,2028430,1934662
2011,1,3966225,2025272,1940953
2011,2,3970654,2026391,1944263
2011,3,4101644,2093789,2007855
2011,4,4121488,2105836,2015652
2011,5,4087054,2089022,1998032
2011,6,4074533,2081475,1993058
2011,7,4082824,2084121,1998703
2011,8,4052777,2067752,1985025
2011,9,4035330,2058993,1976337
2011,10,4135289,2111581,2023708
2011,11,4197147,2146791,2050356
2011,12,4125764,2109471,2016293
2011,13,4123876,2108654,2015222
2011,14,4130934,2110397,2020537
2011,15,4158361,2129082,2029279
2011,16,4246797,2178520,2068277
2011,17,4334275,2226169,2108106
2011,18,4401361,2265850,2135511
2011,19,4518285,2320135,2198150
2011,20,4598254,2348694,2249560
2011,21,4594238,2344395,2249843
2011,22,4413183,2252173,2161010
2011,23,4312279,2198326,2113953
2011,24,4242222,2160503,2081719
2011,25,4267974,2169696,2098278
2011,26,4311761,2184501,2127260
2011,27,4181532,2109180,2072352
2011,28,4256204,2141409,2114795
2011,29,4264567,2140652,2123915
2011,30,4225300,2117270,2108030
2011,31,4317294,2171683,2145611
2011,32,4053592,2029857,2023735
2011,33,3977570,1989386,1988184
2011,34,3942114,1966037,1976077
2011,35,3829864,1910820,1919044
2011,36,3954144,1975802,1978342
2011,37,3834765,1907979,1926786
2011,38,3899899,1934316,1965583
2011,39,4082351,2027628,2054723
2011,40,4324162,2146782,2177380
2011,41,4385306,2186386,2198920
2011,42,4160611,2070786,2089825
2011,43,4079076,2028346,2050730
2011,44,4089258,2027001,2062257
2011,45,4171964,2069350,2102614
2011,46,4430147,2195758,2234389
2011,47,4519326,2231572,2287754
2011,48,4523052,2229442,2293610
2011,49,4520386,2225712,2294674
2011,50,4582646,2251649,2330997
2011,51,4628125,2278980,2349145
2011,52,4479451,2197076,2282375
2011,53,4459275,2183189,2276086
2011,54,4416457,2155935,2260522
2011,55,4264196,2075876,2188320
2011,56,4233621,2058668,2174953
2011,57,4066825,1967418,2099407
2011,58,3919214,1892244,2026970
2011,59,3774178,1820415,1953763
2011,60,3665273,1760762,1904511
2011,61,3586699,1723174,1863525
2011,62,3488021,1671569,1816452
2011,63,3459942,1657534,1802408
2011,64,3613032,1730300,1882732
2011,65,2674636,1272793,1401843
2011,66,2645187,1252746,1392441
2011,67,2585272,1218496,1366776
2011,68,2653141,1246288,1406853
2011,69,2321074,1083202,1237872
2011,70,2128951,984544,1144407
2011,71,2022303,931237,1091066
2011,72,1911721,879663,1032058
2011,73,1839514,837848,1001666
2011,74,1705013,769721,935292
2011,75,1638171,732756,905415
2011,76,1580932,698281,882651
2011,77,1430449,626376,804073
2011,78,1394194,602127,792067
2011,79,1343437,572489,770948
2011,80,1292169,542052,750117
2011,81,1252185,515531,736654
2011,82,1143712,462341,681371
2011,83,1085157,427912,657245
2011,84,1005202,387570,617632
2011,85,909276,340687,568589
2011,86,834819,302823,531996
2011,87,741394,261663,479731
2011,88,643159,221743,421416
2011,89,560012,186092,373920
2011,90,473804,152989,320815
2011,91,382641,117712,264929
2011,92,289218,85334,203884
2011,93,238006,66888,171118
2011,94,176651,47153,129498
2011,95,135042,33599,101443
2011,96,101251,23796,77455
2011,97,73260,16108,57152
2011,98,50661,10555,40106
2011,99,33632,6604,27028
2011,100,57703,10144,47559
2012,0,3926570,2007743,1918827
2012,1,3977550,2035214,1942336
2012,2,3978924,2031333,1947591
2012,3,3981532,2031551,1949981
2012,4,4111490,2098501,2012989
2012,5,4131049,2110630,2020419
2012,6,4096633,2093846,2002787
2012,7,4084179,2086088,1998091
2012,8,4092566,2088716,2003850
2012,9,4062734,2072434,1990300
2012,10,4045469,2063710,1981759
2012,11,4145757,2116398,2029359
2012,12,4207720,2151652,2056068
2012,13,4136225,2114519,2021706
2012,14,4134916,2114080,2020836
2012,15,4143301,2116501,2026800
2012,16,4173683,2137004,2036679
2012,17,4267257,2189283,2077974
2012,18,4358454,2238704,2119750
2012,19,4427572,2279724,2147848
2012,20,4546565,2335801,2210764
2012,21,4629781,2366673,2263108
2012,22,4625563,2361225,2264338
2012,23,4443715,2267594,2176121
2012,24,4342062,2212337,2129725
2012,25,4271553,2173964,2097589
2012,26,4295651,2182419,2113232
2012,27,4337435,2195886,2141549
2012,28,4204927,2119495,2085432
2012,29,4277615,2151210,2126405
2012,30,4283270,2149143,2134127
2012,31,4241565,2124527,2117038
2012,32,4331495,2178064,2153431
2012,33,4065734,2035011,2030723
2012,34,3988622,1994116,1994506
2012,35,3951867,1970201,1981666
2012,36,3837924,1913869,1924055
2012,37,3960899,1978180,1982719
2012,38,3840318,1909739,1930579
2012,39,3903922,1935240,1968682
2012,40,4084648,2027692,2056956
2012,41,4324443,2145819,2178624
2012,42,4384058,2184544,2199514
2012,43,4158255,2068223,2090032
2012,44,4075927,2025279,2050648
2012,45,4084573,2023312,2061261
2012,46,4165313,2064659,2100654
2012,47,4421446,2189757,2231689
2012,48,4508452,2224095,2284357
2012,49,4510206,2220810,2289396
2012,50,4505720,2216015,2289705
2012,51,4565482,2240246,2325236
2012,52,4608768,2266381,2342387
2012,53,4458809,2183683,2275126
2012,54,4437155,2168911,2268244
2012,55,4392433,2140389,2252044
2012,56,4239081,2059532,2179549
2012,57,4207066,2041319,2165747
2012,58,4039562,1949778,2089784
2012,59,3891097,1874009,2017088
2012,60,3744816,1801554,1943262
2012,61,3634742,1741295,1893447
2012,62,3554736,1703085,1851651
2012,63,3453979,1650723,1803256
2012,64,3423248,1635318,1787930
2012,65,3572333,1705773,1866560
2012,66,2641789,1253089,1388700
2012,67,2609972,1231659,1378313
2012,68,2546904,1195906,1350998
2012,69,2610392,1221406,1388986
2012,70,2280611,1060065,1220546
2012,71,2088775,961716,1127059
2012,72,1980516,907695,1072821
2012,73,1868201,855287,1012914
2012,74,1793547,812451,981096
2012,75,1658243,744173,914070
2012,76,1588625,706048,882577
2012,77,1528226,670314,857912
2012,78,1377628,598654,778974
2012,79,1337551,572895,764656
2012,80,1282872,541689,741183
2012,81,1227637,509737,717900
2012,82,1183074,481577,701497
2012,83,1073311,428512,644799
2012,84,1010674,393108,617566
2012,85,928296,352591,575705
2012,86,831653,306571,525082
2012,87,755792,269346,486446
2012,88,663520,229739,433781
2012,89,568485,192051,376434
2012,90,487817,158533,329284
2012,91,406758,128314,278444
2012,92,322900,96846,226054
2012,93,240088,69033,171055
2012,94,193754,52954,140800
2012,95,140608,36489,104119
2012,96,105384,25436,79948
2012,97,77147,17618,59529
2012,98,54488,11645,42843
2012,99,36765,7460,29305
2012,100,61803,11150,50653
2013,0,3931258,2009724,1921534
2013,1,3942696,2015720,1926976
2013,2,3991745,2042268,1949477
2013,3,3991019,2037081,1953938
2013,4,3992496,2036782,1955714
2013,5,4121876,2103606,2018270
2013,6,4141130,2115672,2025458
2013,7,4106760,2098705,2008055
2013,8,4094521,2090823,2003698
2013,9,4103065,2093580,2009485
2013,10,4072986,2077256,1995730
2013,11,4055866,2068643,1987223
2013,12,4156304,2121417,2034887
2013,13,4218387,2156833,2061554
2013,14,4147757,2120218,2027539
2013,15,4148033,2120657,2027376
2013,16,4159459,2124859,2034600
2013,17,4194516,2148029,2046487
2013,18,4292191,2202467,2089724
2013,19,4384726,2252714,2132012
2013,20,4452932,2293201,2159731
2013,21,4573739,2349953,2223786
2013,22,4660176,2382388,2277788
2013,23,4655563,2375806,2279757
2013,24,4472295,2280649,2191646
2013,25,4369332,2224097,2145235
2013,26,4297710,2185046,2112664
2013,27,4320571,2193168,2127403
2013,28,4359532,2205163,2154369
2013,29,4225749,2128510,2097239
2013,30,4296809,2159534,2137275
2013,31,4299447,2156290,2143157
2013,32,4255692,2130833,2124859
2013,33,4343476,2183095,2160381
2013,34,4075870,2039053,2036817
2013,35,3997698,1997672,2000026
2013,36,3959048,1972420,1986628
2013,37,3844203,1915689,1928514
2013,38,3965886,1979408,1986478
2013,39,3844285,1910632,1933653
2013,40,3906127,1935245,1970882
2013,41,4085581,2027076,2058505
2013,42,4323279,2143934,2179345
2013,43,4380908,2181430,2199478
2013,44,4154366,2064715,2089651
2013,45,4070522,2020951,2049571
2013,46,4077717,2018335,2059382
2013,47,4157081,2058787,2098294
2013,48,4410792,2182319,2228473
2013,49,4495612,2215408,2280204
2013,50,4495099,2210678,2284421
2013,51,4488150,2204455,2283695
2013,52,4545746,2227525,2318221
2013,53,4587606,2252624,2334982
2013,54,4436394,2169210,2267184
2013,55,4412604,2153054,2259550
2013,56,4365668,2123185,2242483
2013,57,4211538,2041913,2169625
2013,58,4177929,2022544,2155385
2013,59,4009527,1930382,2079145
2013,60,3860100,1854196,2005904
2013,61,3712717,1781209,1931508
2013,62,3601304,1720137,1881167
2013,63,3519573,1680940,1838633
2013,64,3416465,1627607,1788858
2013,65,3383252,1611115,1772137
2013,66,3527836,1679066,1848770
2013,67,2606024,1231738,1374286
2013,68,2571601,1209022,1362579
2013,69,2505262,1171820,1333442
2013,70,2563981,1194739,1369242
2013,71,2236637,1034974,1201663
2013,72,2044816,936886,1107930
2013,73,1934694,882090,1052604
2013,74,1820505,828872,991633
2013,75,1743292,784977,958315
2013,76,1607051,716553,890498
2013,77,1534528,677294,857234
2013,78,1470808,640230,830578
2013,79,1320178,568944,751234
2013,80,1276090,541617,734473
2013,81,1217537,508906,708631
2013,82,1158273,475562,682711
2013,83,1108791,445788,663003
2013,84,997909,393067,604842
2013,85,931565,357018,574547
2013,86,847475,316753,530722
2013,87,751027,272060,478967
2013,88,674795,235944,438851
2013,89,584825,198357,386468
2013,90,494117,163349,330768
2013,91,417092,132372,284720
2013,92,342273,105351,236922
2013,93,266525,77821,188704
2013,94,194772,54516,140256
2013,95,153823,40837,112986
2013,96,108873,27439,81434
2013,97,79912,18681,61231
2013,98,56992,12646,44346
2013,99,39248,8150,31098
2013,100,66139,12273,53866
2014,0,3954786,2024510,1930276
2014,1,3948892,2018513,1930379
2014,2,3958708,2023750,1934958
2014,3,4005932,2049251,1956681
2014,4,4004035,2043528,1960507
2014,5,4004571,2042786,1961785
2014,6,4133374,2109357,2024017
2014,7,4152671,2121430,2031241
2014,8,4118353,2104331,2014022
2014,9,4106085,2096382,2009703
2014,10,4114582,2099051,2015531
2014,11,4084486,2082849,2001637
2014,12,4067268,2074315,1992953
2014,13,4168198,2127338,2040860
2014,14,4231541,2163573,2067968
2014,15,4163079,2128124,2034955
2014,16,4166238,2130073,2036165
2014,17,4182293,2136860,2045433
2014,18,4221746,2162271,2059475
2014,19,4321249,2218097,2103152
2014,20,4411460,2266737,2144723
2014,21,4480861,2307313,2173548
2014,22,4604726,2365346,2239380
2014,23,4692962,2398453,2294509
2014,24,4687077,2390079,2296998
2014,25,4502023,2293548,2208475
2014,26,4398014,2236677,2161337
2014,27,4325770,2197381,2128389
2014,28,4346330,2204570,2141760
2014,29,4383356,2215778,2167578
2014,30,4248227,2138487,2109740
2014,31,4315821,2168145,2147676
2014,32,4315699,2163823,2151876
2014,33,4269846,2137089,2132757
2014,34,4355717,2188226,2167491
2014,35,4085952,2043201,2042751
2014,36,4006330,2000888,2005442
2014,37,3966497,1974933,1991564
2014,38,3850942,1917835,1933107
2014,39,3971497,1981213,1990284
2014,40,3848087,1911625,1936462
2014,41,3908070,1935214,1972856
2014,42,4086109,2026315,2059794
2014,43,4321631,2141952,2179679
2014,44,4377751,2178426,2199325
2014,45,4149789,2060846,2088943
2014,46,4064470,2016231,2048239
2014,47,4070739,2013213,2057526
2014,48,4147945,2052376,2095569
2014,49,4399110,2174363,2224747
2014,50,4481212,2205872,2275340
2014,51,4478223,2199644,2278579
2014,52,4469592,2192495,2277097
2014,53,4525069,2214176,2310893
2014,54,4564933,2237870,2327063
2014,55,4412051,2153432,2258619
2014,56,4385972,2135769,2250203
2014,57,4337386,2104858,2232528
2014,58,4182257,2022937,2159320
2014,59,4147266,2002641,2144625
2014,60,3977732,1909900,2067832
2014,61,3826919,1832858,1994061
2014,62,3678575,1759258,1919317
2014,63,3565726,1697523,1868203
2014,64,3482828,1657978,1824850
2014,65,3377646,1603988,1773658
2014,66,3341609,1586232,1755377
2014,67,3480983,1651225,1829758
2014,68,2568311,1209280,1359031
2014,69,2531221,1185270,1345951
2014,70,2462460,1146943,1315517
2014,71,2517174,1167821,1349353
2014,72,2192013,1009446,1182567
2014,73,1999978,911650,1088328
2014,74,1887914,856115,1031799
2014,75,1772007,802083,969924
2014,76,1692284,757206,935078
2014,77,1555048,688704,866344
2014,78,1479551,648218,831333
2014,79,1412549,609889,802660
2014,80,1262012,539014,722998
2014,81,1214231,510281,703950
2014,82,1151948,476217,675731
2014,83,1088632,441560,647072
2014,84,1034570,410436,624134
2014,85,923190,358403,564787
2014,86,853929,322082,531847
2014,87,769072,282503,486569
2014,88,673928,239587,434341
2014,89,598390,205009,393381
2014,90,511592,169753,341839
2014,91,426027,137627,288400
2014,92,353533,109402,244131
2014,93,285467,85608,199859
2014,94,217821,61813,156008
2014,95,156572,42617,113955
2014,96,120940,31144,89796
2014,97,83389,20388,63001
2014,98,59979,13560,46419
2014,99,41679,8982,32697
2014,100,72136,13703,58433
2015,0,3983965,2037643,1946322
2015,1,3973192,2033709,1939483
2015,2,3966330,2027455,1938875
2015,3,3974354,2031614,1942740
2015,4,4020264,2056377,1963887
2015,5,4017585,2050282,1967303
2015,6,4017408,2049269,1968139
2015,7,4145890,2115700,2030190
2015,8,4165010,2127673,2037337
2015,9,4130850,2110629,2020221
2015,10,4118758,2102659,2016099
2015,11,4126853,2105239,2021614
2015,12,4096692,2089028,2007664
2015,13,4080243,2080793,1999450
2015,14,4182341,2134547,2047794
2015,15,4248058,2172003,2076055
2015,16,4182107,2137939,2044168
2015,17,4189775,2142389,2047386
2015,18,4211012,2152179,2058833
2015,19,4252218,2179093,2073125
2015,20,4349935,2233576,2116359
2015,21,4441331,2282517,2158814
2015,22,4514270,2324623,2189647
2015,23,4639623,2382897,2256726
2015,24,4727273,2414932,2312341
2015,25,4720482,2405454,2315028
2015,26,4534640,2308343,2226297
2015,27,4429797,2251108,2178689
2015,28,4355768,2211453,2144315
2015,29,4374175,2217929,2156246
2015,30,4409166,2228011,2181155
2015,31,4271733,2150105,2121628
2015,32,4336582,2178643,2157939
2015,33,4334080,2172840,2161240
2015,34,4286357,2144864,2141493
2015,35,4369587,2194562,2175025
2015,36,4097338,2048178,2049160
2015,37,4016464,2005183,2011281
2015,38,3975186,1978349,1996837
2015,39,3858343,1920619,1937724
2015,40,3976967,1983091,1993876
2015,41,3852433,1912805,1939628
2015,42,3910645,1935464,1975181
2015,43,4086686,2025757,2060929
2015,44,4320358,2140291,2180067
2015,45,4373961,2175121,2198840
2015,46,4144580,2056693,2087887
2015,47,4058161,2011534,2046627
2015,48,4062643,2007604,2055039
2015,49,4137833,2045463,2092370
2015,50,4385725,2165544,2220181
2015,51,4465234,2195423,2269811
2015,52,4460502,2188213,2272289
2015,53,4449929,2179737,2270192
2015,54,4502864,2199599,2303265
2015,55,4540553,2221954,2318599
2015,56,4385823,2136505,2249318
2015,57,4357770,2117662,2240108
2015,58,4307288,2085597,2221691
2015,59,4151179,2002834,2148345
2015,60,4114449,1981423,2133026
2015,61,3943386,1887794,2055592
2015,62,3791492,1810263,1981229
2015,63,3641819,1735951,1905868
2015,64,3527662,1673658,1854004
2015,65,3443249,1633701,1809548
2015,66,3336059,1578771,1757288
2015,67,3296821,1559379,1737442
2015,68,3431071,1621545,1809526
2015,69,2527820,1185337,1342483
2015,70,2487798,1160063,1327735
2015,71,2416513,1120566,1295947
2015,72,2465904,1138608,1327296
2015,73,2142810,981728,1161082
2015,74,1950617,884319,1066298
2015,75,1836635,828018,1008617
2015,76,1718862,773254,945608
2015,77,1636338,727331,909007
2015,78,1498120,658622,839498
2015,79,1419595,616955,802640
2015,80,1349127,577353,771774
2015,81,1199043,507126,691917
2015,82,1147239,476964,670275
2015,83,1080801,441480,639321
2015,84,1013576,405734,607842
2015,85,955170,373541,581629
2015,86,844041,322633,521408
2015,87,772675,286518,486157
2015,88,688044,248104,439940
2015,89,595185,207440,387745
2015,90,521392,174869,346523
2015,91,438974,142373,296601
2015,92,359665,113480,246185
2015,93,292763,88290,204473
2015,94,232218,67846,164372
2015,95,173128,47736,125392
2015,96,122354,32422,89932
2015,97,92140,23045,69095
2015,98,61687,14663,47024
2015,99,43464,9516,33948
2015,100,76798,15059,61739
2016,0,3955192,2021693,1933499
2016,1,4003594,2047521,1956073
2016,2,3991543,2043165,1948378
2016,3,3982719,2035766,1946953
2016,4,3989317,2039084,1950233
2016,5,4034325,2063414,1970911
2016,6,4030894,2057031,1973863
2016,7,4030394,2055836,1974558
2016,8,4158761,2122190,2036571
2016,9,4178022,2134235,2043787
2016,10,4144072,2117162,2026910
2016,11,4131514,2109124,2022390
2016,12,4139568,2111734,2027834
2016,13,4110339,2095866,2014473
2016,14,4095187,2088424,2006763
2016,15,4199515,2143316,2056199
2016,16,4267900,2182224,2085676
2016,17,4206845,2150928,2055917
2016,18,4219736,2158419,2061317
2016,19,4241532,2168557,2072975
2016,20,4280974,2194194,2086780
2016,21,4379876,2248997,2130879
2016,22,4474812,2299500,2175312
2016,23,4549421,2342064,2207357
2016,24,4673465,2398533,2274932
2016,25,4760640,2430029,2330611
2016,26,4752063,2419331,2332732
2016,27,4565290,2321904,2243386
2016,28,4458321,2263961,2194360
2016,29,4382285,2223644,2158641
2016,30,4399278,2229540,2169738
2016,31,4431220,2238557,2192663
2016,32,4291082,2159517,2131565
2016,33,4353926,2186666,2167260
2016,34,4349411,2179705,2169706
2016,35,4299148,2150464,2148684
2016,36,4379832,2198549,2181283
2016,37,4106086,2051368,2054718
2016,38,4024381,2007943,2016438
2016,39,3981529,1980240,2001289
2016,40,3863180,1921928,1941252
2016,41,3980464,1983519,1996945
2016,42,3854650,1912705,1941945
2016,43,3910593,1934366,1976227
2016,44,4085258,2023807,2061451
2016,45,4316196,2136459,2179737
2016,46,4368043,2170380,2197663
2016,47,4137815,2051606,2086209
2016,48,4049911,2005602,2044309
2016,49,4052713,2000754,2051959
2016,50,4125155,2036876,2088279
2016,51,4370171,2155255,2214916
2016,52,4447792,2183985,2263807
2016,53,4440759,2175310,2265449
2016,54,4428032,2165344,2262688
2016,55,4478253,2183614,2294639
2016,56,4513951,2204850,2309101
2016,57,4357590,2118381,2239209
2016,58,4327523,2098260,2229263
2016,59,4275027,2064932,2210095
2016,60,4117822,1981382,2136440
2016,61,4079088,1958678,2120410
2016,62,3907097,1864672,2042425
2016,63,3753816,1786325,1967491
2016,64,3602450,1711138,1891312
2016,65,3487278,1648673,1838605
2016,66,3401348,1608149,1793199
2016,67,3291714,1552195,1739519
2016,68,3249412,1531196,1718216
2016,69,3377704,1590002,1787702
2016,70,2485189,1160428,1324761
2016,71,2443419,1134475,1308944
2016,72,2369270,1093524,1275746
2016,73,2412822,1108568,1304254
2016,74,2091825,953290,1138535
2016,75,1899583,856260,1043323
2016,76,1783719,799299,984420
2016,77,1664040,743766,920274
2016,78,1578721,696684,882037
2016,79,1439602,627911,811691
2016,80,1358070,585150,772920
2016,81,1284470,544430,740040
2016,82,1134886,474935,659951
2016,83,1079060,443433,635627
2016,84,1008889,406835,602054
2016,85,938258,370342,567916
2016,86,876311,337507,538804
2016,87,766435,288152,478283
2016,88,693994,252708,441286
2016,89,610573,215899,394674
2016,90,520996,177824,343172
2016,91,450017,147570,302447
2016,92,372864,118076,254788
2016,93,300374,92464,207910
2016,94,239615,70332,169283
2016,95,186678,53099,133579
2016,96,135740,36318,99422
2016,97,94466,24377,70089
2016,98,69296,16824,52472
2016,99,44967,10391,34576
2016,100,82379,16493,65886
2017,0,3893945,1991849,1902096
2017,1,3973803,2031036,1942767
2017,2,4020825,2056328,1964497
2017,3,4006802,2050824,1955978
2017,4,3996592,2042707,1953885
2017,5,4002285,2045608,1956677
2017,6,4046625,2069663,1976962
2017,7,4042957,2063187,1979770
2017,8,4042250,2061858,1980392
2017,9,4170820,2128306,2042514
2017,10,4190254,2140293,2049961
2017,11,4155802,2123122,2032680
2017,12,4143257,2115126,2028131
2017,13,4152283,2118067,2034216
2017,14,4124198,2102906,2021292
2017,15,4111285,2096690,2014595
2017,16,4218086,2152936,2065150
2017,17,4290946,2194348,2096598
2017,18,4234551,2165658,2068893
2017,19,4248464,2173863,2074601
2017,20,4266986,2181385,2085601
2017,21,4306515,2206569,2099946
2017,22,4408804,2262883,2145921
2017,23,4504903,2313281,2191622
2017,24,4578456,2354506,2223950
2017,25,4701396,2410032,2291364
2017,26,4787673,2441090,2346583
2017,27,4777879,2429709,2348170
2017,28,4588903,2331697,2257206
2017,29,4480324,2273373,2206951
2017,30,4402859,2232572,2170287
2017,31,4417496,2237945,2179551
2017,32,4446712,2245784,2200928
2017,33,4305136,2165649,2139487
2017,34,4366240,2191802,2174438
2017,35,4358839,2183195,2175644
2017,36,4306255,2152568,2153687
2017,37,4385828,2200099,2185729
2017,38,4111226,2052409,2058817
2017,39,4028306,2008416,2019890
2017,40,3983824,1980069,2003755
2017,41,3864969,1921339,1943630
2017,42,3980816,1982205,1998611
2017,43,3853250,1910842,1942408
2017,44,3907893,1931620,1976273
2017,45,4080348,2019696,2060652
2017,46,4309081,2131223,2177858
2017,47,4359465,2164250,2195215
2017,48,4128210,2044963,2083247
2017,49,4039082,1998310,2040772
2017,50,4039446,1992020,2047426
2017,51,4109944,2027025,2082919
2017,52,4352576,2143940,2208636
2017,53,4427431,2170769,2256662
2017,54,4418178,2160713,2257465
2017,55,4403109,2149254,2253855
2017,56,4451318,2166333,2284985
2017,57,4484471,2186051,2298420
2017,58,4326625,2098626,2227999
2017,59,4294387,2076940,2217447
2017,60,4239714,2042360,2197354
2017,61,4081356,1958114,2123242
2017,62,4040739,1934180,2106559
2017,63,3867581,1839800,2027781
2017,64,3712619,1760630,1951989
2017,65,3560160,1684992,1875168
2017,66,3444063,1622470,1821593
2017,67,3356013,1580939,1775074
2017,68,3244182,1523933,1720249
2017,69,3198582,1501234,1697348
2017,70,3320393,1556705,1763688
2017,71,2440099,1134416,1305683
2017,72,2395620,1107104,1288516
2017,73,2318273,1064688,1253585
2017,74,2355298,1076512,1278786
2017,75,2036694,922912,1113782
2017,76,1844686,826485,1018201
2017,77,1726841,768829,958012
2017,78,1605304,712433,892871
2017,79,1517003,664209,852794
2017,80,1377095,595525,781570
2017,81,1292937,551854,741083
2017,82,1215766,509900,705866
2017,83,1067044,441402,625642
2017,84,1007456,408807,598649
2017,85,933883,371378,562505
2017,86,860644,334595,526049
2017,87,795887,301537,494350
2017,88,688305,254213,434092
2017,89,615862,219957,395905
2017,90,534601,185143,349458
2017,91,449471,150051,299420
2017,92,382354,122436,259918
2017,93,311381,96180,215201
2017,94,246146,73836,172310
2017,95,192195,54872,137323
2017,96,146772,40608,106164
2017,97,103947,26978,76969
2017,98,71460,17985,53475
2017,99,50722,11958,38764
2017,100,86784,17943,68841
2018,0,3848208,1968505,1879703
2018,1,3912900,2001387,1911513
2018,2,3991437,2040071,1951366
2018,3,4036562,2064235,1972327
2018,4,4021168,2058004,1963164
2018,5,4010118,2049511,1960607
2018,6,4015259,2052229,1963030
2018,7,4059363,2076156,1983207
2018,8,4055624,2069621,1986003
2018,9,4055278,2068473,1986805
2018,10,4184077,2134896,2049181
2018,11,4203007,2146785,2056222
2018,12,4168485,2129623,2038862
2018,13,4156887,2121925,2034962
2018,14,4167071,2125611,2041460
2018,15,4141218,2111626,2029592
2018,16,4130744,2106746,2023998
2018,17,4241936,2165445,2076491
2018,18,4319722,2209794,2109928
2018,19,4263601,2181297,2082304
2018,20,4273822,2186613,2087209
2018,21,4292514,2193614,2098900
2018,22,4334743,2219586,2115157
2018,23,4438724,2276330,2162394
2018,24,4533776,2325404,2208372
2018,25,4606281,2365722,2240559
2018,26,4728714,2421037,2307677
2018,27,4813980,2451655,2362325
2018,28,4801711,2439423,2362288
2018,29,4611070,2341001,2270069
2018,30,4501282,2282299,2218983
2018,31,4421549,2241062,2180487
2018,32,4433749,2245454,2188295
2018,33,4461246,2252017,2209229
2018,34,4318192,2171039,2147153
2018,35,4376401,2195500,2180901
2018,36,4366923,2185835,2181088
2018,37,4313086,2154545,2158541
2018,38,4391406,2201174,2190232
2018,39,4115771,2053136,2062635
2018,40,4031314,2008548,2022766
2018,41,3986156,1979715,2006441
2018,42,3866067,1920426,1945641
2018,43,3979609,1980368,1999241
2018,44,3851155,1908353,1942802
2018,45,3904041,1928049,1975992
2018,46,4074459,2015066,2059393
2018,47,4301318,2125627,2175691
2018,48,4349714,2157491,2192223
2018,49,4117603,2037762,2079841
2018,50,4026474,1989936,2036538
2018,51,4025069,1982590,2042479
2018,52,4094079,2016677,2077402
2018,53,4333375,2131415,2201960
2018,54,4405567,2156589,2248978
2018,55,4393983,2145020,2248963
2018,56,4377130,2132558,2244572
2018,57,4422810,2148167,2274643
2018,58,4453038,2165907,2287131
2018,59,4294024,2077675,2216349
2018,60,4259361,2054540,2204821
2018,61,4202894,2018812,2184082
2018,62,4043396,1933853,2109543
2018,63,4000235,1908640,2091595
2018,64,3825765,1813691,2012074
2018,65,3669600,1734093,1935507
2018,66,3516436,1658451,1857985
2018,67,3398755,1595396,1803359
2018,68,3307833,1552348,1755485
2018,69,3194269,1494525,1699744
2018,70,3144466,1469752,1674714
2018,71,3260552,1522210,1738342
2018,72,2392283,1106964,1285319
2018,73,2344633,1078210,1266423
2018,74,2263489,1034136,1229353
2018,75,2293604,1042460,1251144
2018,76,1978012,890943,1087069
2018,77,1786181,795142,991039
2018,78,1666402,736686,929716
2018,79,1542867,679443,863424
2018,80,1451583,630172,821411
2018,81,1311488,561875,749613
2018,82,1224165,517114,707051
2018,83,1143669,474179,669490
2018,84,996403,407026,589377
2018,85,933260,373553,559707
2018,86,857115,335767,521348
2018,87,781990,299120,482870
2018,88,715379,266294,449085
2018,89,611251,221521,389730
2018,90,539658,188838,350820
2018,91,461798,156443,305355
2018,92,382081,124601,257480
2018,93,319838,99922,219916
2018,94,255397,76838,178559
2018,95,198075,57897,140178
2018,96,150910,41849,109061
2018,97,113174,30486,82688
2018,98,77872,19597,58275
2018,99,52778,12985,39793
2018,100,93927,19982,73945
2019,0,3848571,1968696,1879875
2019,1,3867008,1977950,1889058
2019,2,3930184,2010227,1919957
2019,3,4006697,2047747,1958950
2019,4,4050393,2071154,1979239
2019,5,4034085,2064492,1969593
2019,6,4022395,2055756,1966639
2019,7,4027276,2058366,1968910
2019,8,4071192,2082175,1989017
2019,9,4067665,2075733,1991932
2019,10,4067494,2074528,1992966
2019,11,4195821,2140853,2054968
2019,12,4214723,2152789,2061934
2019,13,4181189,2135971,2045218
2019,14,4170772,2129020,2041752
2019,15,4183195,2133884,2049311
2019,16,4159834,2121291,2038543
2019,17,4153865,2118927,2034938
2019,18,4269965,2180459,2089506
2019,19,4347634,2224689,2122945
2019,20,4289005,2194351,2094654
2019,21,4299552,2199293,2100259
2019,22,4321595,2207729,2113866
2019,23,4365579,2234100,2131479
2019,24,4468476,2289494,2178982
2019,25,4562165,2337380,2224785
2019,26,4633587,2377033,2256554
2019,27,4755012,2431919,2323093
2019,28,4837718,2461601,2376117
2019,29,4823600,2448826,2374774
2019,30,4631621,2349942,2281679
2019,31,4519449,2290680,2228769
2019,32,4437485,2248620,2188865
2019,33,4447875,2251693,2196182
2019,34,4473665,2257286,2216379
2019,35,4328058,2174895,2153163
2019,36,4383976,2198039,2185937
2019,37,4373329,2187770,2185559
2019,38,4318387,2155718,2162669
2019,39,4395063,2201508,2193555
2019,40,4118151,2053038,2065113
2019,41,4033007,2007935,2025072
2019,42,3986676,1978562,2008114
2019,43,3864770,1918627,1946143
2019,44,3977019,1977693,1999326
2019,45,3847120,1904741,1942379
2019,46,3898497,1923726,1974771
2019,47,4067367,2009901,2057466
2019,48,4291749,2119028,2172721
2019,49,4338309,2149822,2188487
2019,50,4104731,2029271,2075460
2019,51,4012294,1980658,2031636
2019,52,4009748,1972619,2037129
2019,53,4076430,2005129,2071301
2019,54,4312235,2117659,2194576
2019,55,4381815,2141184,2240631
2019,56,4368559,2128695,2239864
2019,57,4349643,2115043,2234600
2019,58,4392465,2128785,2263680
2019,59,4419990,2144677,2275313
2019,60,4259548,2055650,2203898
2019,61,4222909,2031248,2191661
2019,62,4164553,1994360,2170193
2019,63,4003429,1908699,2094730
2019,64,3957618,1882011,2075607
2019,65,3782132,1786815,1995317
2019,66,3625408,1707333,1918075
2019,67,3470713,1631151,1839562
2019,68,3350963,1567150,1783813
2019,69,3257812,1522916,1734896
2019,70,3141560,1463926,1677634
2019,71,3088163,1437378,1650785
2019,72,3198412,1486634,1711778
2019,73,2341726,1078303,1263423
2019,74,2290471,1047980,1242491
2019,75,2205242,1001981,1203261
2019,76,2228922,1007174,1221748
2019,77,1916325,857761,1058564
2019,78,1724777,762486,962291
2019,79,1602981,703281,899700
2019,80,1477512,645326,832186
2019,81,1383878,595320,788558
2019,82,1243091,527207,715884
2019,83,1152935,481652,671283
2019,84,1069765,438143,631622
2019,85,924066,372452,551614
2019,86,858363,338650,519713
2019,87,780408,300928,479480
2019,88,704298,264808,439490
2019,89,637092,232792,404300
2019,90,537125,190873,346252
2019,91,467598,160163,307435
2019,92,394175,130507,263668
2019,93,320645,102101,218544
2019,94,263637,80291,183346
2019,95,206436,60508,145928
2019,96,156869,44674,112195
2019,97,116637,31435,85202
2019,98,86134,22648,63486
2019,99,56806,13835,42971
2019,100,101654,22451,79203
